1 15 15 15 15 1 1 1 1 15 3 3 1 14 15 3 3 1 14 14 15 1 1 1 15 15 15 15 1 14 14 14 14 1 9 9 3 3 3 3 3 1 5 5 5 5 5 14 14 14 5 5 5 5 5 5 5 5 5 5 14 3 9 15 1 14 5 14 14 1 1 1 1 14 5 5 14 15 9 3 15 1 14 1 1 1 15 15 14 5 14 14 14 14 14 14 1 1 1 14
1 15 15 15 15 1 1 1 15 15 3 15 15 15 3 3 15 14 14 14 1 1 14 14 1 15 15 3 15 1 14 14 5 14 15 9 9 9 3 3 3 3 1 5 5 5 5 14 14 14 5 5 5 5 5 5 5 5 5 14 1 3 3 1 1 14 5 14 14 14 1 15 1 14 5 5 14 3 9 3 15 1 14 14 14 1 15 1 14 14 5 14 14 1 14 14 14 1 1 1
1 15 1 1 1 1 1 3 3 3 15 1 1 15 3 3 15 1 14 1 15 15 1 14 14 1 1 15 3 15 1 14 14 14 14 3 13 13 9 3 3 15 14 5 1 14 14 14 14 14 5 5 14 5 5 5 5 5 14 14 15 3 15 1 14 5 5 5 5 5 14 15 15 1 14 14 1 3 9 3 15 1 14 14 14 1 15 1 14 5 5 5 1 15 1 14 14 14 1 1
1 15 1 1 1 1 15 3 3 15 15 1 14 15 3 3 15 15 15 3 3 3 15 1 14 14 14 14 15 3 3 15 14 5 5 1 9 13 9 3 15 14 5 14 15 15 1 14 14 14 14 14 5 5 5 5 5 5 5 1 3 3 1 14 5 5 5 5 5 5 14 15 1 1 1 14 1 3 9 3 15 15 15 14 14 3 13 3 5 5 5 5 1 15 1 1 14 14 1 1
1 15 15 15 15 15 1 15 15 15 1 14 14 1 3 15 1 15 15 15 3 3 15 15 1 14 5 5 14 15 3 3 15 14 5 14 3 13 9 3 3 1 14 5 14 14 14 14 14 5 5 14 5 11 5 5 5 5 5 15 9 3 14 5 5 5 14 14 5 5 14 1 1 1 14 14 1 3 9 3 15 15 3 1 14 3 13 9 5 5 5 14 1 1 1 1 1 1 15 15
1 15 15 15 15 1 1 15 15 15 1 14 5 14 1 14 14 1 1 14 1 15 15 3 15 15 1 14 14 1 1 3 3 15 14 14 15 13 9 3 3 9 3 14 5 5 14 14 14 5 5 14 5 11 11 5 5 5 14 3 3 15 14 5 5 14 14 14 5 5 14 1 1 1 14 5 1 9 9 15 1 15 9 3 14 1 3 1 14 5 14 14 14 14 14 1 15 1 1 1
1 15 15 15 15 1 1 15 15 15 1 14 5 5 1 14 5 1 1 14 1 15 3 3 15 1 1 15 1 1 1 1 15 3 15 1 1 9 9 3 3 9 13 15 5 5 5 5 5 5 5 14 5 5 5 5 5 5 1 3 3 1 5 5 5 5 5 5 5 14 14 14 14 1 14 5 1 9 3 15 14 1 9 3 14 14 1 14 5 5 14 14 14 14 1 1 1 1 14 14
1 1 15 15 15 1 1 15 15 15 15 14 5 5 14 14 14 1 1 1 1 1 15 3 15 14 14 1 1 15 15 15 15 15 3 15 1 15 3 3 3 3 3 15 14 5 5 5 5 14 14 14 5 5 5 5 5 14 3 3 15 5 5 5 5 5 5 5 14 14 14 14 14 14 14 5 15 9 3 1 14 14 1 1 1 14 5 5 5 14 14 14 14 1 1 1 1 1 1 1
1 1 15 15 15 1 1 1 1 15 15 14 5 5 5 14 1 15 1 1 15 15 1 1 1 1 1 14 1 15 15 15 15 3 3 15 1 15 3 3 3 3 3 3 15 1 14 14 5 14 14 14 14 5 5 5 5 1 3 3 1 5 5 5 5 5 5 5 14 14 14 5 14 14 14 14 15 9 3 1 14 14 14 14 14 5 5 14 14 14 1 14 1 15 15 15 1 1 1 15
15 1 15 15 15 1 1 1 1 1 1 14 5 5 5 14 1 1 14 14 15 15 1 15 15 15 3 9 9 3 3 9 9 9 9 3 15 15 3 3 9 9 9 3 15 1 14 14 5 5 14 14 14 14 5 5 14 3 3 15 14 14 14 5 5 5 5 14 14 14 5 5 5 14 5 14 3 9 3 1 5 14 14 14 14 5 5 14 1 1 15 1 15 9 9 15 15 15 3 15
15 1 1 15 1 1 1 1 15 15 1 14 5 5 5 5 1 1 14 14 15 3 3 15 3 3 9 13 8 8 8 13 13 13 8 13 13 13 9 3 9 13 9 3 3 15 1 14 5 5 14 1 1 14 5 5 1 9 3 14 5 14 14 5 5 5 14 14 14 14 14 14 5 14 5 14 3 9 15 14 5 14 14 14 14 14 14 14 14 14 1 15 3 9 3 3 15 3 3 9
15 15 1 15 15 1 1 15 1 15 15 14 5 5 5 14 1 15 14 15 9 3 9 13 13 8 2 8 13 13 8 13 13 13 8 8 8 13 13 13 13 8 8 13 9 9 15 1 14 14 14 14 1 14 5 14 3 3 15 14 14 1 14 14 5 5 5 14 14 14 14 14 14 14 14 1 3 9 15 14 5 14 14 14 14 14 14 14 14 14 14 15 2 2 3 3 15 15 15 7
1 1 15 15 15 15 15 15 1 1 1 5 5 5 5 14 15 15 1 1 1 1 9 9 13 8 13 13 13 13 8 13 8 8 8 8 8 2 2 8 8 8 8 2 8 13 3 3 1 14 5 14 14 14 14 3 9 3 1 14 1 1 1 14 5 5 5 5 14 14 14 14 14 14 14 1 9 3 15 5 5 14 14 14 14 14 14 14 14 14 14 15 2 2 3 3 15 1 13 4
1 1 15 15 15 15 1 15 15 15 14 5 5 5 5 15 3 3 15 15 15 3 3 3 8 9 9 3 9 13 13 13 13 13 8 8 13 8 8 13 8 8 8 8 8 8 8 13 15 14 5 14 14 14 15 9 9 15 1 1 14 14 14 5 5 5 5 5 14 14 14 14 14 14 14 15 9 3 1 5 5 5 14 14 1 1 14 14 14 5 14 1 9 3 15 15 15 15 7 4
15 1 15 15 15 15 1 1 15 15 1 5 5 5 5 15 15 3 9 3 9 9 13 8 13 9 9 9 13 9 9 9 9 9 13 9 13 9 13 9 13 13 8 8 13 2 8 13 9 15 5 14 14 1 3 9 3 1 14 14 14 14 14 5 5 5 5 5 5 14 14 14 5 5 14 15 9 3 1 5 5 5 14 14 15 15 14 14 5 5 5 14 15 15 1 3 9 8 4 4
3 15 1 15 3 15 1 1 1 1 14 5 5 5 14 15 15 9 9 3 3 9 9 3 3 3 13 8 8 8 8 13 9 3 9 9 9 9 9 13 13 3 9 13 13 8 8 8 8 13 9 15 1 15 3 15 15 1 14 5 5 14 1 1 14 14 5 5 5 14 14 14 5 5 1 3 9 3 1 5 5 5 14 14 15 15 1 14 5 5 5 1 13 9 1 3 13 4 4 4
15 15 1 15 3 15 1 1 1 1 1 14 14 5 1 15 9 8 13 3 3 15 1 1 15 3 13 13 9 9 9 3 3 13 9 3 13 9 13 13 13 9 9 9 13 13 13 13 13 8 8 8 9 3 3 15 1 14 14 14 5 14 1 1 1 14 14 5 14 14 5 5 5 14 1 3 3 15 14 5 5 14 14 14 14 1 1 14 5 5 14 1 8 8 3 1 8 4 4 4
1 1 1 15 3 15 1 1 14 14 1 1 14 14 14 3 13 9 3 3 3 3 15 14 1 9 9 9 15 3 15 1 3 13 13 9 9 9 9 9 13 3 9 9 9 13 9 9 8 8 8 2 8 8 9 1 14 14 14 14 14 14 14 14 14 14 5 14 14 14 14 14 14 14 15 3 3 15 14 5 5 14 14 14 14 1 1 14 14 14 14 14 3 3 1 15 4 4 4 4
1 1 1 15 15 15 1 14 5 5 14 1 15 1 1 9 9 3 9 9 9 3 15 3 15 15 15 3 9 15 3 9 8 13 13 9 15 3 3 3 3 3 15 15 15 9 3 3 13 13 8 13 13 13 13 1 14 14 14 14 14 14 14 14 14 5 14 14 5 5 5 5 14 14 15 9 3 15 14 5 5 5 5 5 14 1 1 14 14 14 14 1 8 8 3 8 4 4 4 4
1 1 1 15 15 15 1 14 14 14 1 1 15 1 15 9 13 9 9 13 9 15 15 15 3 3 15 3 3 9 3 13 13 9 13 9 9 3 3 3 1 15 1 1 14 3 3 3 9 13 13 13 13 13 13 3 14 14 14 14 14 14 1 14 14 14 14 14 5 5 5 5 5 14 3 9 3 1 5 11 5 5 5 5 5 14 1 14 14 5 5 1 8 8 13 7 4 4 4 4
1 1 1 15 15 15 15 15 15 1 1 1 1 15 13 9 13 9 9 9 15 1 3 9 9 3 3 9 3 9 9 13 3 3 13 3 3 3 9 3 3 3 1 15 3 3 3 3 3 3 13 13 8 13 13 9 14 14 14 1 15 15 1 14 14 14 14 5 11 11 5 5 5 1 3 9 3 1 5 11 5 14 14 5 5 14 14 14 5 14 5 5 15 9 8 4 4 4 4 4
1 1 15 3 15 1 15 3 15 1 14 14 15 3 13 9 9 3 3 15 1 1 15 3 3 3 9 9 3 3 9 9 3 9 9 13 9 9 9 9 3 3 9 3 15 1 1 1 15 3 9 13 8 8 13 9 14 14 14 1 15 15 1 1 1 14 14 5 5 5 5 14 14 15 9 9 15 14 5 5 5 1 15 14 14 14 14 14 5 14 5 14 14 15 7 4 4 4 4 4
14 1 15 15 15 15 3 3 15 14 5 14 15 3 13 9 9 15 15 15 1 14 5 1 15 9 9 9 9 3 3 9 3 13 9 15 15 9 9 3 3 9 13 9 3 1 14 14 1 3 13 13 8 8 8 9 1 14 14 14 14 1 14 1 1 14 14 14 14 14 14 14 14 15 9 9 15 14 5 5 5 15 9 15 14 1 1 14 5 14 14 5 14 13 4 4 4 4 4 4
14 1 15 15 15 15 15 15 15 14 14 15 3 9 9 9 9 3 1 15 1 14 14 5 1 3 3 3 3 3 3 3 3 9 9 15 1 15 15 3 15 15 9 15 1 15 15 14 1 15 9 8 8 8 13 9 15 14 14 14 14 14 14 1 14 14 14 14 14 14 14 14 1 3 9 3 1 14 5 5 5 15 9 1 14 1 15 14 5 14 14 14 15 4 4 4 4 4 4 4
14 1 15 15 15 15 15 1 1 1 1 1 9 13 13 9 3 3 14 1 1 1 1 14 1 15 3 9 9 9 15 3 15 9 9 3 3 15 1 15 15 15 9 15 1 1 15 3 15 9 9 8 2 8 13 9 9 1 1 1 14 14 14 14 14 14 14 14 5 5 5 14 1 9 13 3 1 5 5 11 11 5 14 14 5 14 14 14 14 14 14 14 8 4 4 4 4 4 4 4
1 1 15 3 3 15 15 14 1 15 1 15 13 13 3 3 15 3 15 1 15 3 15 3 3 15 15 15 9 9 9 3 3 3 3 9 3 15 1 15 3 3 15 1 14 14 1 15 3 13 9 9 8 8 8 13 3 3 1 14 14 5 5 14 14 14 14 5 5 5 5 14 1 9 9 3 1 5 5 5 5 14 1 1 14 14 14 1 14 14 14 15 4 4 4 4 4 4 4 4
1 15 15 3 3 15 15 14 14 3 9 8 8 9 15 15 1 1 1 15 15 9 3 9 9 15 1 15 9 9 9 3 3 3 3 9 15 15 15 15 1 1 1 14 14 14 1 1 3 9 9 9 9 13 8 8 3 3 14 14 14 14 5 14 14 14 14 5 5 5 5 14 15 9 9 15 14 5 5 5 5 5 14 14 14 14 14 1 14 14 14 8 4 4 4 4 4 4 4 4
15 15 15 15 15 15 1 5 14 3 13 13 9 3 1 5 14 14 3 15 3 9 9 9 3 1 1 3 13 13 9 3 9 3 3 3 15 1 15 1 1 1 14 14 5 14 1 1 15 3 13 9 3 13 13 8 9 3 14 14 14 14 14 14 14 5 5 14 14 14 14 14 3 9 9 15 14 5 5 5 5 5 5 5 14 14 14 14 14 14 15 4 4 4 4 4 4 4 4 4
3 3 3 3 15 15 14 5 14 15 13 9 3 3 1 14 14 1 15 3 3 3 15 15 1 1 3 13 8 13 13 9 9 9 3 3 15 15 15 15 15 1 15 3 14 14 1 14 15 15 9 9 3 9 13 13 13 15 1 14 14 14 14 14 14 14 14 14 14 14 14 1 3 9 3 15 14 5 11 11 5 5 5 5 14 14 14 14 14 14 2 4 4 4 4 4 4 4 4 4
9 3 3 3 15 15 14 5 14 15 13 9 3 15 14 1 15 15 3 9 9 3 15 15 1 15 13 2 2 8 8 13 9 3 3 3 3 9 9 3 3 3 9 1 5 5 1 1 15 15 3 3 3 9 13 13 13 15 14 14 5 14 14 14 14 14 14 14 14 14 14 1 3 9 3 1 14 14 5 5 5 5 5 5 5 14 14 14 14 13 4 4 4 4 4 4 4 4 4 4
15 15 15 3 15 15 1 5 14 3 9 3 15 14 14 15 3 9 9 13 9 9 3 15 3 13 8 2 2 13 8 13 9 9 9 9 3 3 13 13 9 9 3 1 14 14 15 15 15 3 9 3 3 9 13 3 13 1 5 5 5 14 14 5 5 5 14 14 1 14 14 1 3 3 3 15 15 1 5 14 15 5 5 14 5 5 5 5 15 4 4 4 4 4 4 4 4 4 4 4
1 1 15 3 3 15 1 14 14 3 9 3 14 14 1 3 9 13 13 13 13 9 3 3 13 8 2 7 2 13 13 13 8 13 9 9 3 3 13 13 13 3 3 15 15 1 15 3 15 9 9 9 3 3 9 3 13 15 5 5 5 5 14 5 5 5 14 1 1 1 14 15 9 3 3 15 9 13 13 13 3 15 3 15 14 14 14 15 7 4 4 4 4 4 4 4 4 4 4 4
15 1 15 3 3 15 1 14 1 9 3 15 5 14 3 9 13 13 13 13 13 13 9 13 8 2 7 7 7 8 8 8 8 8 13 9 9 9 8 13 9 3 3 3 15 15 3 13 3 3 9 3 15 9 3 3 9 3 5 5 5 5 5 5 5 5 14 1 1 15 9 9 9 9 3 1 1 9 8 2 13 8 2 13 15 1 15 8 4 4 4 4 4 4 4 4 4 4 4 4
15 15 3 9 3 15 1 14 1 3 15 14 14 15 9 13 13 13 13 13 8 8 13 8 2 7 7 7 2 2 2 8 2 8 13 9 3 13 13 3 15 15 1 15 15 15 3 9 13 9 15 3 3 9 3 15 3 9 14 5 14 14 5 5 14 1 15 3 9 13 13 13 8 8 13 3 15 3 8 8 13 8 2 8 13 9 13 4 4 4 4 4 4 4 4 4 4 4 4 4
3 15 3 3 3 15 1 14 1 15 15 14 1 3 9 13 13 13 13 8 2 2 8 2 7 7 7 7 7 7 2 8 13 13 9 3 13 8 13 9 3 9 3 15 3 9 9 13 8 9 15 9 9 9 9 3 3 9 14 5 5 5 14 15 9 13 13 8 8 8 13 9 9 13 9 13 13 13 13 8 13 13 2 8 8 2 4 4 4 4 4 4 4 4 4 4 4 4 4 4
3 3 3 3 15 15 1 14 1 3 9 1 15 13 13 8 13 8 2 7 7 7 7 7 7 7 7 7 7 7 7 2 8 13 13 13 2 8 13 9 15 9 9 9 3 13 13 8 8 3 13 8 9 9 9 3 3 3 1 5 14 1 9 13 13 13 9 9 9 3 3 9 3 9 9 9 13 13 9 9 13 13 8 13 8 7 4 4 4 4 4 4 4 4 4 4 4 4 4 4
15 3 3 3 15 15 1 14 1 8 7 8 3 13 8 13 13 2 7 7 7 7 7 7 7 7 7 7 7 7 7 2 2 8 8 2 2 8 13 9 15 3 3 13 9 8 8 8 9 9 8 8 13 3 3 15 9 3 1 14 15 9 9 3 15 3 15 15 3 15 9 9 9 9 13 13 9 8 8 13 9 9 13 13 8 7 4 4 4 4 4 4 4 4 4 4 4 4 4 4
3 9 3 9 9 15 15 1 15 9 13 7 8 8 13 13 13 2 7 7 7 7 7 7 7 7 7 7 7 7 7 7 2 2 2 2 2 8 8 13 15 3 9 9 13 8 2 8 9 8 8 8 13 13 15 1 3 1 1 15 3 3 15 15 3 15 1 15 9 13 13 9 3 13 13 9 9 13 8 8 13 13 9 9 9 13 2 7 4 4 4 4 4 4 4 4 4 4 4 4
3 3 9 9 9 3 15 15 9 3 13 2 2 8 13 13 13 2 7 7 7 7 7 7 7 7 7 7 7 7 7 7 7 7 2 2 2 8 8 8 13 9 9 9 8 8 2 8 9 13 8 8 13 8 3 1 3 14 1 15 15 15 15 3 9 13 8 2 2 2 8 3 3 9 13 3 9 9 13 13 13 9 13 9 9 9 13 8 7 4 4 4 4 4 4 4 4 4 4 4
15 15 3 9 9 3 15 15 13 9 2 8 2 8 13 13 13 2 7 7 7 7 7 7 7 7 7 7 7 7 7 7 7 7 7 2 2 2 8 8 13 13 13 8 8 8 8 8 8 2 2 8 8 8 3 1 15 1 15 15 15 3 9 13 2 2 7 7 4 4 7 9 3 3 9 3 9 3 13 13 13 9 9 13 13 3 3 9 13 7 4 4 4 4 4 4 4 4 4 4
15 3 9 9 9 3 15 1 13 2 7 2 2 8 13 13 8 7 7 7 7 7 7 7 2 2 2 2 7 7 7 7 7 7 7 7 7 2 2 8 8 8 8 8 8 8 8 8 2 2 2 8 8 8 15 1 1 15 15 15 3 9 13 8 2 7 4 4 4 4 7 8 9 3 9 3 3 9 9 13 13 13 15 9 13 13 3 1 3 13 7 4 4 4 4 4 4 4 4 4
14 3 9 9 3 15 1 14 8 2 2 8 2 2 13 13 2 7 7 7 2 2 7 2 13 13 9 13 8 2 7 7 7 7 4 7 7 7 2 2 8 8 2 2 2 2 8 8 8 8 2 8 8 13 1 14 1 15 15 15 9 13 8 2 7 4 4 4 4 4 4 2 13 3 13 3 3 9 3 13 13 9 9 1 13 13 13 3 1 1 13 4 4 4 4 4 4 4 4 4
5 15 3 9 3 15 14 14 13 13 9 3 8 2 2 2 7 7 7 7 2 2 8 13 3 3 3 3 3 9 8 2 7 7 7 7 7 7 7 2 2 2 2 2 2 2 2 2 2 2 2 8 8 13 1 1 15 15 15 3 9 8 2 7 7 4 4 4 4 4 4 7 8 9 9 9 3 3 9 9 13 13 13 15 3 13 13 9 3 14 1 8 4 4 4 4 4 4 4 4
5 1 3 9 3 1 14 5 13 8 9 3 8 7 2 7 7 7 7 7 2 8 13 13 9 3 15 15 15 15 3 9 13 2 7 7 7 7 7 7 7 7 7 7 7 7 7 2 2 2 2 8 8 9 1 15 15 15 3 9 8 2 7 7 4 4 4 4 4 4 4 7 2 13 9 9 3 3 9 9 13 13 13 3 1 9 9 9 9 1 14 15 7 4 4 4 4 4 7 4
14 1 3 3 15 1 5 5 8 2 13 13 2 7 7 7 7 7 7 7 2 8 13 9 9 9 9 3 3 15 1 1 15 3 13 2 2 7 7 7 7 7 7 7 7 7 7 7 7 2 2 8 8 9 15 15 1 3 3 13 8 2 7 4 4 4 4 4 4 4 4 7 7 8 9 9 3 3 3 9 9 9 13 9 1 3 9 3 3 9 1 14 9 7 4 4 4 4 4 4
14 15 3 3 15 14 5 5 8 2 2 2 7 7 7 7 7 7 7 7 7 2 9 3 3 3 3 9 9 3 3 1 14 1 15 9 8 2 2 2 2 7 7 7 7 7 7 7 7 2 2 8 13 3 1 15 15 3 9 8 2 7 7 4 4 4 4 4 4 4 4 4 7 2 13 9 3 3 3 9 9 9 13 3 15 15 9 3 3 3 3 1 1 13 4 4 4 4 4 4
14 15 15 3 15 1 5 5 8 7 2 2 7 7 7 7 7 7 7 7 7 7 8 3 15 1 1 15 3 3 9 3 15 14 14 15 9 8 8 2 2 2 2 2 2 7 7 7 7 2 2 8 13 15 1 1 15 9 8 2 2 7 7 4 4 4 4 4 4 4 4 4 7 2 13 9 3 3 3 3 9 9 9 9 3 15 9 3 3 1 15 15 14 3 7 4 4 4 4 4
5 1 15 15 15 1 5 5 8 7 7 2 7 7 7 7 7 7 7 7 7 7 2 8 9 15 14 14 5 14 1 3 3 3 1 1 15 9 8 8 8 8 8 2 2 2 2 2 2 2 2 8 9 1 1 15 3 13 2 2 7 7 4 4 4 4 4 4 4 4 4 4 7 2 13 9 3 3 3 15 9 3 9 9 3 1 3 3 15 1 1 15 1 1 2 4 4 4 4 4
5 1 3 3 15 1 5 14 2 7 7 7 7 7 7 7 7 7 7 7 7 7 7 2 8 8 13 15 5 11 5 14 1 15 3 15 15 9 13 13 8 8 13 13 13 13 13 13 13 13 13 9 15 1 15 3 13 2 7 7 7 4 4 4 4 4 4 4 4 4 4 7 7 7 8 9 3 3 3 3 3 3 3 9 3 1 15 15 15 1 14 1 15 1 9 7 7 4 4 4
5 1 3 3 15 15 14 1 7 7 2 7 2 7 2 7 7 7 7 7 7 7 7 7 2 8 13 8 9 1 15 15 14 1 15 3 3 9 13 13 13 9 3 15 15 1 15 1 15 15 15 1 1 1 15 9 8 7 7 7 4 4 4 7 4 4 4 4 4 4 4 4 7 7 8 9 3 3 15 3 15 3 3 9 9 15 1 15 15 1 14 14 15 1 15 7 4 4 4 4
5 1 3 3 15 15 1 15 7 7 7 2 7 2 2 7 7 7 7 7 7 7 7 7 7 2 13 9 13 13 9 15 1 1 15 3 9 13 8 13 9 3 15 1 14 14 5 5 14 14 14 14 14 1 3 9 13 8 8 2 7 7 7 7 7 7 4 4 4 4 4 4 7 7 2 13 3 15 3 15 15 3 3 3 9 15 1 15 15 1 14 14 1 1 15 2 4 4 4 4
5 1 3 3 15 15 15 1 8 2 2 2 2 2 7 7 7 7 7 7 7 7 7 7 7 7 2 13 9 3 3 3 3 9 3 9 13 2 2 8 9 15 1 1 1 1 15 15 1 14 14 14 1 1 15 3 9 13 13 9 3 9 8 2 7 7 7 4 4 4 4 4 4 7 2 13 3 15 3 15 15 15 15 15 3 3 1 15 15 1 14 1 14 1 15 2 4 4 4 4
5 1 3 3 15 15 15 14 15 9 13 2 2 2 7 7 7 7 7 7 7 7 7 7 7 7 7 2 2 8 13 13 9 13 13 8 8 7 7 2 3 14 5 11 11 5 5 14 14 14 5 14 14 1 3 8 2 7 7 2 13 3 15 9 2 7 7 7 7 7 4 7 7 7 2 8 3 15 3 15 15 1 15 1 3 3 1 15 15 1 14 14 1 1 1 2 4 4 4 4
5 1 3 3 15 15 15 15 5 1 2 2 2 7 7 7 7 2 7 2 7 7 7 7 4 4 7 7 7 2 2 2 2 8 8 8 2 7 7 2 3 5 14 5 5 5 14 5 11 5 5 14 14 15 9 13 8 2 7 7 7 2 13 9 8 2 7 7 7 7 7 7 7 7 2 8 9 15 15 15 1 1 1 1 15 3 1 15 15 1 14 14 1 14 1 8 4 4 4 4
5 1 3 3 15 1 15 15 1 9 2 2 2 2 2 7 2 2 2 2 7 7 7 7 4 4 7 7 7 7 2 7 7 2 2 2 7 7 7 7 3 15 15 3 3 15 1 5 11 5 5 14 1 15 3 3 3 9 13 2 7 2 2 8 8 2 2 7 7 7 2 2 8 8 8 8 13 15 15 15 1 1 1 1 1 15 1 15 15 1 14 1 1 1 1 13 4 4 4 4
1 1 3 3 15 1 1 1 1 8 2 8 2 2 2 2 2 2 2 2 2 2 2 7 7 7 7 7 7 7 7 7 7 7 2 2 7 7 7 7 9 9 3 3 3 3 3 1 5 5 5 14 15 1 14 5 14 14 5 1 9 8 8 8 8 2 2 7 2 2 8 13 3 15 3 3 3 15 1 15 1 14 14 1 1 15 1 15 15 1 14 14 14 1 1 9 4 4 4 4
3 3 3 3 15 1 1 1 15 2 7 8 2 2 2 2 2 2 8 8 8 2 2 2 2 7 7 7 7 7 7 7 7 7 7 7 7 7 7 2 13 13 13 3 15 1 1 1 14 5 5 1 3 3 3 9 9 15 5 5 5 9 8 8 8 2 7 7 2 8 8 13 9 9 3 15 1 1 1 1 1 14 14 1 1 15 1 1 15 1 14 1 14 1 1 3 4 4 4 4
13 13 13 9 15 15 9 7 8 7 2 8 2 2 2 2 2 8 8 8 8 8 8 8 8 2 2 2 2 2 8 8 8 2 7 7 7 7 4 2 13 13 8 13 13 9 9 15 14 5 14 15 13 8 8 13 13 8 9 15 14 15 13 8 2 7 7 7 2 8 8 8 8 2 2 2 13 3 1 14 1 14 14 14 1 1 1 1 1 14 14 1 14 1 15 3 4 4 4 4
12 12 13 13 3 13 4 4 7 7 7 8 8 2 2 8 13 13 13 13 8 13 13 13 8 8 8 8 13 9 3 9 2 2 2 7 7 4 7 2 13 8 8 2 8 8 9 15 14 5 1 13 2 7 7 8 13 9 13 13 13 9 2 2 7 4 4 7 8 13 8 8 2 2 2 2 8 13 1 14 14 14 14 14 1 1 1 1 1 14 14 1 1 15 9 9 4 4 4 4
12 12 12 12 8 4 4 4 4 7 2 8 8 2 8 13 9 13 13 13 9 9 9 13 13 13 13 9 3 3 3 8 7 7 7 4 4 4 7 2 13 8 2 2 8 8 3 1 5 5 3 2 7 7 7 7 7 8 13 13 13 2 7 7 7 4 4 2 8 8 13 13 13 9 9 13 13 9 1 14 1 14 14 14 14 1 1 1 1 14 14 1 15 15 9 13 4 4 4 4
12 12 12 12 12 4 4 4 4 7 2 8 8 8 13 13 9 9 13 13 9 3 3 3 3 3 3 3 9 13 9 13 2 7 7 7 4 7 7 2 13 8 8 2 8 13 3 14 5 1 13 2 7 7 4 4 4 7 7 7 7 7 7 7 4 4 4 2 8 2 8 9 1 1 14 1 1 15 1 14 14 14 5 5 14 1 1 14 1 14 14 1 15 15 9 8 4 4 4 4
12 12 12 12 6 8 4 4 4 7 2 8 8 13 13 9 9 9 13 9 9 3 3 15 15 3 9 13 8 8 13 3 9 13 8 2 7 7 2 2 9 13 8 8 8 9 1 5 5 3 8 7 7 7 4 4 4 4 4 4 7 7 7 7 4 4 7 2 2 2 2 3 3 3 5 5 11 5 5 14 5 14 5 14 5 14 1 14 14 14 14 1 15 15 3 2 4 4 4 4
12 12 12 12 12 6 4 4 4 7 2 2 8 13 13 13 9 9 9 13 13 9 15 1 15 3 3 13 13 8 8 9 1 1 15 13 8 2 2 2 13 3 13 13 13 3 14 5 14 13 2 7 7 7 4 4 4 4 4 4 7 7 7 4 4 4 7 2 2 2 2 8 8 13 13 9 3 1 5 14 5 14 5 5 5 14 1 1 14 14 14 15 15 3 3 2 4 4 4 4
12 12 12 12 12 6 13 4 4 4 8 2 8 13 13 13 13 9 9 13 13 13 15 1 1 15 3 9 13 13 13 3 15 1 1 15 9 8 8 13 3 15 9 9 9 15 5 5 15 8 2 2 7 7 7 7 7 7 7 7 7 7 7 4 4 4 7 2 7 7 7 7 13 9 9 9 13 9 15 1 14 14 14 5 5 5 1 1 5 14 14 15 15 3 3 2 4 4 4 4
12 12 12 12 12 6 6 7 4 4 8 8 8 13 13 9 9 9 9 13 8 13 1 1 1 1 15 3 9 9 3 3 15 1 1 15 15 15 1 15 3 15 15 3 15 14 5 5 3 8 2 2 7 7 7 7 2 2 8 2 7 7 4 4 4 7 7 2 7 7 7 7 7 7 8 13 13 13 9 3 14 14 1 5 5 5 14 1 5 5 14 1 15 3 3 7 4 4 4 4
12 12 12 12 12 12 10 12 4 4 2 8 13 13 9 9 9 9 9 13 13 13 9 3 15 1 15 9 13 9 9 9 3 15 1 1 14 5 5 15 3 15 15 15 1 5 5 14 9 8 2 2 2 2 2 8 8 13 2 7 2 7 4 4 4 7 7 2 7 7 7 7 4 4 7 7 2 2 8 13 1 14 1 14 5 5 14 1 5 5 14 1 15 3 9 7 4 4 4 4
12 12 12 12 12 12 10 6 7 4 7 13 13 13 9 9 9 9 9 9 13 13 13 13 9 9 15 1 15 9 13 13 8 9 15 1 1 14 14 1 15 15 1 1 14 5 5 14 9 8 8 8 8 8 8 13 13 13 13 8 8 2 7 7 7 7 2 2 2 2 7 7 4 4 4 4 7 7 2 8 3 14 14 1 14 5 14 1 5 5 5 14 3 15 13 7 7 4 4 4
12 12 12 12 12 12 6 10 13 4 4 13 9 13 9 9 3 9 9 9 9 13 13 8 8 8 13 9 3 15 15 15 3 9 9 9 3 3 15 15 1 1 1 1 14 11 5 1 9 13 13 13 13 13 13 9 13 13 9 3 15 9 8 2 2 8 8 2 2 8 8 7 7 4 4 4 4 7 2 8 9 1 5 14 14 14 14 1 14 5 5 14 15 9 8 7 7 7 7 7
12 12 12 12 12 12 6 10 6 7 4 2 9 9 9 9 9 9 9 9 9 9 13 8 2 2 8 13 13 13 9 15 1 1 15 15 3 9 3 15 1 14 14 1 14 11 14 15 9 13 13 13 13 9 3 13 8 8 13 3 1 15 9 9 9 9 13 8 2 8 8 8 7 7 4 4 7 7 2 8 9 15 5 5 14 14 5 14 14 5 5 14 15 9 8 2 7 7 2 7
12 12 12 6 6 6 6 10 10 12 4 7 13 3 9 9 9 13 9 9 9 9 13 8 2 2 8 8 8 13 13 9 9 3 15 1 1 1 15 15 1 5 14 14 5 5 1 3 13 13 13 13 9 3 9 8 2 2 2 8 9 15 15 15 1 1 1 9 13 13 13 13 8 2 7 7 7 7 2 8 9 3 14 5 1 14 14 14 1 1 1 1 1 9 2 2 8 2 13 8
12 12 12 12 6 6 6 6 10 10 2 4 2 12 3 3 9 13 9 9 3 9 13 8 2 8 8 13 13 13 13 9 9 9 9 3 15 1 1 1 1 14 1 1 5 14 14 3 13 13 13 13 9 9 13 2 2 2 2 8 8 13 3 15 15 3 3 3 9 8 8 9 13 8 2 2 2 2 2 8 13 9 1 5 5 1 14 14 1 1 1 1 15 9 4 4 7 8 3 15
12 12 12 12 12 6 6 6 10 11 10 7 7 13 12 3 9 9 9 9 9 9 9 8 8 8 8 13 9 3 9 9 9 9 9 9 3 3 15 15 15 15 1 14 14 1 1 3 13 13 13 13 13 13 9 3 3 3 9 9 13 13 8 8 8 8 8 8 2 2 8 13 9 8 8 2 2 2 2 8 13 9 15 14 5 1 15 14 1 15 1 15 9 13 7 4 4 4 7 9
12 12 12 12 12 6 6 6 10 11 11 6 7 2 12 3 3 3 9 9 3 3 9 8 8 8 8 13 9 3 15 3 3 3 9 9 9 9 3 3 15 15 1 14 1 1 1 3 13 13 8 8 13 9 1 14 1 1 1 1 15 15 3 9 9 8 8 2 2 2 8 13 9 13 8 8 2 2 2 8 8 9 15 1 5 14 3 1 1 15 15 15 8 8 2 4 4 4 4 4
12 12 12 12 12 6 6 6 6 10 11 11 12 7 8 15 3 3 3 3 3 9 13 13 8 8 8 13 13 9 3 3 3 9 9 9 9 9 9 15 15 1 1 1 1 1 1 3 13 8 8 8 8 13 5 14 9 8 8 13 13 3 3 15 1 15 3 13 2 2 2 8 9 9 13 13 8 8 8 8 8 13 3 15 5 5 15 15 1 15 15 9 7 7 13 4 4 4 4 4
6 12 12 12 6 6 6 6 6 10 11 11 10 8 7 9 15 15 3 3 3 3 9 9 13 8 2 8 8 13 13 9 9 13 13 13 9 9 3 15 15 1 15 15 1 1 15 3 13 8 8 8 8 8 3 15 8 7 7 7 7 8 7 13 9 15 1 15 3 13 8 13 9 3 9 13 13 8 8 8 8 13 3 15 14 5 14 3 15 1 15 3 8 7 8 4 4 4 4 4
10 12 12 12 12 6 6 6 6 6 11 11 11 10 2 2 12 15 15 15 15 3 3 9 13 8 2 2 2 8 13 13 13 13 13 13 9 9 15 15 15 15 14 1 1 1 1 3 13 8 8 2 2 2 8 9 13 8 7 4 7 4 4 7 7 13 8 15 1 1 3 13 9 3 9 13 13 13 8 8 8 13 9 3 1 5 5 1 9 15 15 9 8 2 13 2 4 4 4 4
10 6 12 12 12 6 6 6 6 6 10 11 11 11 12 7 8 3 15 3 15 15 15 3 9 8 2 2 7 2 8 8 8 8 8 13 9 15 15 3 15 5 5 1 15 15 15 15 9 8 8 2 2 2 2 13 13 13 9 8 8 7 7 7 7 7 7 13 15 5 5 15 9 9 9 13 13 13 8 8 8 13 9 9 15 5 14 1 15 3 3 9 8 2 13 8 7 4 4 4
10 10 12 12 12 12 6 6 6 6 10 11 11 11 12 7 2 13 15 15 15 1 1 15 3 9 8 8 2 8 8 8 8 8 13 9 3 15 3 15 5 11 5 1 15 15 15 15 9 13 8 2 2 2 2 8 13 9 13 13 13 13 13 13 8 8 8 13 3 14 14 3 13 13 13 13 8 8 8 8 8 13 9 9 15 5 14 1 1 3 9 9 8 2 8 2 4 4 4 4
6 10 12 12 12 12 6 6 6 6 6 11 11 11 12 7 2 2 13 15 1 1 1 1 15 3 9 13 13 13 8 13 13 13 3 15 15 15 1 5 5 11 11 1 15 3 3 15 3 13 8 2 2 2 2 8 13 9 3 9 13 8 8 8 8 13 13 9 9 9 13 8 8 8 13 8 8 8 8 8 8 13 13 13 15 14 5 15 1 15 9 13 8 8 9 2 4 4 4 4
12 10 6 12 12 12 6 6 6 6 6 11 11 11 13 7 7 2 8 13 15 1 14 14 1 15 3 3 9 9 9 9 13 9 15 1 1 5 11 11 11 11 5 1 3 3 3 15 15 9 13 2 2 2 2 8 8 13 9 9 9 3 3 9 9 9 13 13 8 2 2 8 8 8 13 8 8 8 8 8 8 13 9 9 3 1 5 14 1 15 9 8 2 2 9 7 4 4 4 4
12 10 10 12 12 12 12 12 6 6 6 10 11 11 13 7 7 2 2 13 13 15 14 5 5 1 1 15 3 3 9 9 3 15 1 14 5 11 11 11 11 11 5 14 15 3 3 15 14 3 13 8 2 2 2 2 2 8 13 13 9 9 9 13 8 8 8 2 2 2 2 8 8 8 8 8 8 8 8 8 8 13 9 15 3 15 5 14 15 15 9 2 7 2 9 4 4 4 4 4
12 6 10 12 12 12 12 12 6 6 6 6 11 11 13 7 7 7 2 2 13 13 15 14 14 14 14 1 1 1 15 15 15 1 14 11 11 11 11 11 11 11 5 14 15 3 3 15 14 1 9 13 8 2 2 7 7 2 2 8 8 13 13 8 8 8 2 2 2 2 2 2 2 2 8 8 8 8 8 8 13 9 15 5 14 15 14 14 9 3 3 8 4 2 2 4 4 4 4 4
12 12 10 6 12 12 12 12 6 6 6 6 10 11 13 7 7 7 2 2 8 13 3 1 1 1 14 14 14 14 1 14 1 5 11 11 11 11 11 11 11 11 11 14 15 15 3 15 1 14 15 9 8 2 2 7 7 7 7 7 7 7 2 2 2 2 2 2 2 2 2 2 2 2 8 8 8 8 8 13 9 9 14 5 15 15 1 1 3 1 3 13 2 13 4 4 4 4 4 4
12 12 6 10 6 12 6 6 6 6 6 6 12 10 12 4 7 7 7 2 8 13 9 15 15 15 15 15 9 8 2 13 15 5 11 11 11 11 11 11 11 11 5 14 3 3 15 3 15 3 3 9 9 13 8 2 2 7 7 7 7 7 7 7 7 7 2 2 2 2 2 2 8 8 8 8 8 13 13 9 9 3 5 5 14 1 15 1 1 1 15 9 13 2 4 4 4 4 4 4
12 12 12 10 6 6 6 6 6 12 6 6 6 10 12 4 4 7 7 2 6 12 13 3 15 1 1 9 2 7 7 9 15 1 5 11 11 11 11 11 11 11 5 14 3 13 9 15 3 13 2 7 9 9 13 8 8 2 2 2 2 7 7 7 7 7 2 2 2 2 2 8 8 13 13 13 13 9 9 9 9 3 5 5 14 14 1 1 1 15 15 3 9 4 4 4 4 4 4 4
6 12 12 6 6 6 6 6 6 6 6 6 6 10 12 4 7 7 2 12 10 11 1 3 1 15 13 8 2 7 7 3 1 15 1 5 11 11 11 11 11 11 11 14 3 13 8 8 9 9 7 4 7 9 9 9 13 13 8 8 8 2 2 2 2 2 2 2 8 8 8 13 13 13 9 9 9 9 9 13 13 3 5 5 3 1 15 1 15 15 15 3 9 4 4 4 4 4 4 4
6 12 12 12 6 6 6 6 6 6 6 6 6 12 10 6 6 10 10 10 11 11 11 15 3 3 13 8 2 7 7 12 14 1 15 1 5 11 11 11 11 11 5 14 3 8 8 9 13 7 2 2 4 7 3 3 3 9 9 13 13 13 8 8 8 8 8 8 8 13 13 13 9 9 9 9 9 9 13 13 8 9 5 5 13 15 1 1 3 15 15 13 3 4 4 4 4 4 4 4
6 12 12 12 6 6 12 6 6 6 6 6 6 6 10 5 5 11 10 11 11 11 11 11 11 11 1 13 2 7 7 6 6 5 1 3 1 11 11 11 11 11 5 1 3 3 3 15 7 4 4 7 7 4 9 3 3 3 3 9 9 9 13 13 13 13 13 13 13 9 9 9 9 9 9 9 9 9 13 8 8 8 14 14 1 14 1 3 3 3 15 8 3 7 4 4 4 4 4 4
10 6 12 12 12 6 12 6 6 6 6 6 6 6 11 11 11 11 11 11 11 11 11 11 11 11 11 5 13 7 2 6 12 5 5 15 15 14 11 11 5 5 5 1 3 3 3 2 4 4 4 4 4 4 13 15 15 3 3 3 3 9 9 9 9 9 9 9 9 9 9 9 9 9 9 9 9 13 13 8 8 8 1 14 15 1 15 3 3 3 3 13 3 7 4 4 4 4 4 4
10 6 12 12 12 6 12 12 6 6 6 6 6 6 10 11 11 11 11 11 11 11 11 11 11 11 5 11 15 8 9 10 12 14 5 5 15 15 14 5 5 5 1 3 8 7 4 4 4 4 4 4 4 4 2 15 15 15 3 3 3 3 3 3 3 9 9 9 9 9 9 9 9 9 9 9 9 13 13 13 8 8 9 1 15 1 14 1 14 3 15 9 3 7 4 4 4 4 4 4
10 6 12 12 12 12 6 12 6 6 6 6 6 6 10 11 11 11 11 11 11 11 11 11 11 11 11 11 11 11 11 11 11 5 5 5 14 3 9 13 2 7 4 4 4 4 4 4 4 4 4 4 4 7 7 15 15 15 15 3 3 3 3 3 3 9 9 9 9 9 9 9 9 9 13 13 13 13 13 8 8 8 8 9 3 1 1 15 1 15 1 9 3 7 4 4 7 4 4 4
10 6 12 12 12 12 6 12 6 6 6 6 6 6 6 11 11 11 11 11 11 11 11 11 11 11 11 11 11 11 11 11 11 11 11 11 11 3 4 4 4 4 4 4 4 4 4 4 4 4 4 4 4 4 4 15 15 15 15 3 3 3 3 3 9 9 9 9 9 9 9 9 13 13 13 13 13 13 8 8 8 8 8 13 8 8 13 9 1 1 1 3 3 7 4 7 4 4 4 4
10 6 6 12 12 12 12 6 12 6 6 6 6 6 6 10 11 11 11 11 11 11 11 11 11 11 11 11 11 11 11 11 11 11 11 11 11 9 4 4 4 4 4 4 4 4 4 4 4 4 4 4 4 4 4 9 15 15 15 15 3 3 3 3 9 9 9 9 9 13 13 13 13 13 8 13 8 8 8 8 8 8 13 13 8 8 2 2 2 2 2 2 8 7 4 4 4 4 4 4
10 10 6 12 12 12 12 6 12 12 6 6 6 6 6 10 10 10 10 10 10 11 11 11 11 11 11 11 11 11 11 11 11 11 11 11 11 7 4 4 4 4 4 4 4 4 4 4 4 4 4 4 4 4 4 13 15 15 15 15 15 3 3 3 9 9 9 13 13 13 13 8 8 8 8 8 8 8 8 8 8 8 13 9 8 8 2 2 7 7 7 7 4 4 4 4 4 4 4 4
10 10 6 6 12 12 12 12 6 12 12 6 6 6 6 6 12 3 3 3 12 5 11 11 11 11 11 11 11 11 11 11 11 11 11 11 10 7 4 4 4 4 4 4 4 4 4 4 4 7 7 4 4 4 4 2 15 15 15 15 3 3 3 3 9 9 9 13 13 13 8 8 8 8 8 8 8 8 8 8 8 13 8 8 8 8 2 2 7 7 7 7 4 4 4 4 4 4 4 4
10 10 6 6 12 12 12 12 6 12 12 6 6 6 6 6 12 8 13 9 12 5 11 11 11 11 11 11 11 11 11 11 11 11 11 11 6 13 7 4 4 4 4 4 4 4 4 4 7 7 4 4 4 4 4 7 3 15 15 15 15 3 3 3 9 9 13 13 13 8 8 8 8 8 8 8 2 8 8 8 8 8 8 8 8 8 2 2 7 7 7 7 7 7 4 4 4 7 7 4
10 10 6 6 12 12 12 12 6 12 12 6 6 6 6 6 12 7 2 8 9 5 11 11 11 11 11 11 11 11 11 11 11 11 11 10 12 12 13 7 4 4 4 4 4 4 4 4 4 4 4 4 4 4 4 4 3 15 15 15 15 3 3 9 9 9 13 13 8 8 8 8 8 8 2 2 2 2 2 8 8 8 8 8 8 8 2 2 2 7 7 7 7 7 7 7 7 7 7 7
10 10 6 6 12 12 12 12 12 12 12 12 12 6 6 6 6 7 7 2 13 10 11 11 11 11 11 11 11 11 11 11 11 11 5 12 12 6 12 13 2 8 2 7 4 4 4 4 4 4 4 4 4 4 4 4 9 3 15 15 15 3 3 9 9 13 13 13 8 8 8 8 2 2 2 2 2 2 2 2 8 8 8 8 8 8 2 2 2 7 7 7 7 7 7 7 7 7 7 7
10 10 6 6 12 12 12 12 12 6 12 12 12 6 6 6 6 8 7 7 13 10 5 11 11 11 11 11 11 11 11 11 11 11 6 12 12 6 12 8 9 12 7 4 2 2 7 4 4 4 4 4 4 4 4 4 13 3 3 15 3 3 9 9 9 13 13 13 8 8 8 8 8 2 2 2 2 2 2 2 2 2 7 8 8 2 2 2 7 7 7 7 7 7 7 7 7 7 7 7
10 10 10 6 6 12 12 12 12 6 12 12 12 12 12 6 6 12 7 7 13 6 10 11 11 11 11 11 11 11 11 11 11 10 6 6 12 9 13 9 9 13 8 2 4 2 4 4 4 4 4 4 4 4 4 4 2 3 3 3 3 3 9 9 9 13 13 13 8 8 8 8 2 2 2 2 2 2 2 2 2 2 2 8 2 2 2 7 7 7 7 7 7 7 7 7 7 7 7 7
10 10 6 6 6 12 12 12 12 6 6 12 12 12 12 6 6 6 7 7 8 12 12 11 11 11 11 11 11 11 11 11 10 6 6 6 6 3 15 3 8 2 2 2 7 4 4 4 4 4 4 4 4 4 4 4 7 3 3 3 3 3 9 9 9 9 9 13 13 8 8 2 2 2 2 2 2 2 2 2 2 8 8 2 2 2 7 7 7 7 7 7 7 7 7 7 7 7 7 7
10 10 10 6 6 12 12 12 12 6 6 12 12 12 12 6 6 6 13 7 2 13 12 10 11 11 11 11 11 11 11 10 10 6 10 10 3 1 1 3 8 13 8 13 13 2 4 4 4 4 4 4 4 4 4 4 7 3 3 3 9 9 9 13 13 13 13 13 8 8 8 2 2 2 2 2 2 2 2 2 2 8 2 2 7 7 7 7 7 7 2 2 7 7 7 7 7 7 7 7
10 10 10 6 6 6 12 12 12 6 10 12 12 12 12 6 6 6 12 7 2 8 13 10 11 11 11 11 11 11 10 10 10 6 6 15 3 9 3 8 8 8 8 9 9 13 7 4 4 4 4 4 4 4 4 4 4 9 3 3 9 9 9 13 13 8 8 8 8 8 8 2 2 2 2 2 2 2 2 8 2 2 2 7 7 7 7 7 7 2 2 7 7 7 7 7 7 7 7 7
10 10 10 6 6 6 12 12 12 12 10 6 6 6 12 12 12 6 6 2 7 2 2 10 10 10 11 11 11 11 10 10 6 6 15 3 15 9 8 8 8 13 13 3 9 9 2 4 4 4 4 4 4 4 4 4 4 13 3 3 3 9 9 13 13 13 8 8 8 8 8 2 2 2 2 2 2 2 2 9 8 7 7 7 7 7 7 7 2 2 2 2 2 7 7 7 7 7 7 7
10 10 10 6 6 6 12 12 12 12 10 6 6 6 6 12 12 12 6 13 7 2 7 10 10 10 10 11 11 11 10 10 6 6 15 3 3 3 8 8 13 15 15 15 9 9 9 4 4 4 4 4 4 4 4 4 4 9 3 3 3 9 9 13 13 13 13 13 8 8 8 2 2 2 2 2 2 2 8 8 2 7 7 7 7 7 7 7 2 2 2 2 2 2 2 2 2 2 7 7
10 10 10 10 6 6 12 12 12 12 6 10 12 6 6 6 12 12 12 12 7 7 7 10 10 10 10 11 11 11 10 10 6 6 15 3 3 3 13 9 15 1 3 3 9 15 1 7 4 4 4 4 4 4 4 4 2 3 3 3 3 9 9 13 13 13 13 13 13 8 8 8 2 2 2 2 2 2 2 7 7 7 7 7 7 7 7 2 2 2 2 2 2 2 2 2 2 2 2 2
10 10 10 10 6 6 6 12 12 12 12 10 12 12 6 6 12 12 12 12 2 7 7 10 10 10 10 11 11 10 10 10 6 6 15 3 9 3 14 1 3 9 13 3 13 8 3 8 4 4 4 4 4 4 4 2 13 3 3 3 3 9 9 13 13 13 13 13 13 8 8 8 2 2 2 2 2 2 7 7 7 7 7 7 7 7 7 7 2 2 2 2 2 2 2 2 2 2 2 2
10 10 10 10 10 6 6 12 12 12 12 6 6 12 12 6 6 12 12 12 12 4 7 10 10 10 11 11 11 10 10 6 6 6 15 3 9 15 3 1 1 15 15 15 13 2 2 13 4 4 4 4 4 4 2 8 9 3 3 3 15 9 9 13 13 13 13 13 13 8 8 2 2 2 2 2 2 2 7 7 7 7 7 7 7 7 7 7 2 2 2 2 2 2 2 2 2 2 2 2
10 10 10 10 10 6 6 6 12 12 12 12 6 12 6 6 6 6 6 12 12 7 2 6 6 10 11 11 11 10 10 6 6 10 14 14 1 3 8 15 14 14 14 15 8 2 8 3 4 4 4 4 7 2 8 13 9 3 3 9 3 3 13 13 13 13 13 13 8 8 8 2 2 2 2 2 2 2 7 7 7 7 7 7 7 7 7 7 2 2 2 2 2 2 2 2 2 2 2 2
10 10 10 10 10 6 6 6 12 12 12 12 6 12 12 12 6 6 6 6 12 2 2 6 6 10 11 11 11 10 10 6 6 6 6 3 3 9 13 15 1 1 1 13 8 2 8 3 7 4 7 7 2 2 8 13 9 3 3 9 3 15 13 8 8 8 13 13 8 8 8 8 8 8 2 2 2 2 2 7 7 7 7 7 7 7 7 7 2 2 2 2 2 2 2 2 2 2 2 2
10 10 10 10 10 6 6 6 12 12 12 12 12 6 12 12 12 6 6 6 6 12 13 6 6 10 11 11 11 10 6 6 6 6 13 2 2 13 3 15 14 1 13 8 8 2 2 8 2 2 2 2 2 2 8 13 13 9 9 13 9 3 9 8 2 8 8 13 8 8 8 8 8 8 2 2 2 2 2 2 7 7 7 7 7 7 7 7 7 2 2 2 2 2 2 2 2 2 2 2
10 10 10 10 10 6 6 6 12 12 12 12 12 6 12 12 12 12 12 6 6 6 12 6 6 10 11 11 11 10 6 6 6 12 2 7 7 3 1 1 5 3 8 8 13 13 13 8 2 2 2 2 2 2 2 8 13 13 13 13 13 3 9 8 2 2 8 8 8 8 8 8 8 2 2 2 2 2 2 2 7 7 7 7 7 7 7 7 7 2 2 2 2 2 2 2 2 2 2 2
10 10 10 10 10 10 6 6 12 12 12 12 12 12 12 12 12 12 12 12 12 12 6 6 6 10 11 11 10 10 6 6 6 12 7 2 3 14 14 5 15 13 8 13 9 3 9 9 8 2 2 8 8 2 2 2 8 13 13 8 13 9 9 8 2 2 8 8 8 8 2 2 2 2 2 2 2 2 2 7 7 7 7 7 7 7 7 7 7 7 2 2 2 2 2 2 2 2 2 2
11 10 10 10 10 10 6 6 6 12 12 12 12 12 6 12 12 12 12 12 6 12 6 6 6 10 11 11 10 6 6 6 6 8 7 2 13 15 14 14 3 13 8 9 15 1 1 9 8 8 2 8 8 2 2 2 8 8 8 8 8 13 9 8 2 2 2 8 8 8 2 2 2 2 2 2 2 2 7 7 7 7 7 7 7 7 7 7 7 7 7 2 2 2 2 2 2 2 2 2
11 10 10 10 10 6 6 6 6 12 12 12 12 12 6 12 12 12 12 12 12 6 12 6 6 10 10 10 10 6 6 6 6 2 7 2 9 14 15 9 13 9 9 15 14 14 1 3 13 8 8 8 8 8 8 8 8 8 8 8 8 8 13 8 2 2 2 8 8 8 2 2 2 2 2 2 2 7 7 7 7 7 7 7 7 7 7 7 7 7 7 7 7 7 7 2 2 2 2 2
11 10 10 10 10 6 6 6 6 6 12 12 12 12 12 12 12 12 12 12 12 12 12 6 6 10 10 10 10 10 6 6 6 2 4 2 3 15 3 8 8 3 1 1 1 15 3 9 13 8 8 8 8 8 8 8 8 8 8 2 2 2 8 8 2 2 2 8 8 2 2 2 2 2 2 2 2 7 7 7 7 7 7 7 7 7 7 7 7 7 7 7 7 7 7 7 2 2 2 2
10 10 10 10 10 6 6 6 6 6 12 12 12 12 12 6 12 12 12 12 12 12 12 6 6 10 10 10 10 6 6 6 6 7 7 9 1 1 14 3 3 1 1 1 15 9 9 13 8 8 8 8 8 8 8 8 2 2 2 2 2 2 2 8 2 2 2 2 2 2 2 2 2 2 2 7 7 7 7 7 7 7 7 7 7 7 7 7 7 7 7 7 7 7 7 7 7 7 2 2
10 10 10 10 10 6 6 6 6 6 12 12 12 12 12 6 12 12 12 12 12 6 12 12 6 10 10 10 10 6 6 6 12 4 13 15 1 5 15 15 15 1 15 3 9 13 13 8 8 8 8 8 8 8 8 8 2 2 2 2 2 2 2 2 2 2 2 2 2 2 2 2 2 2 7 7 7 7 7 7 7 7 7 7 4 4 7 4 7 7 7 7 7 7 7 7 7 7 2 2
6 10 10 10 10 6 6 6 6 6 12 12 12 12 12 12 12 12 12 12 12 12 12 12 6 10 10 10 10 6 6 6 12 7 1 3 15 1 3 14 1 15 9 9 13 13 8 8 8 8 8 8 8 8 8 8 2 2 2 2 2 2 2 2 2 2 2 2 2 2 2 2 2 7 7 7 7 7 7 7 7 7 7 7 7 4 4 4 4 7 7 7 7 7 7 7 7 7 2 2
12 10 10 10 10 6 6 6 6 6 12 12 12 12 12 12 6 12 12 12 12 12 12 12 6 10 10 11 10 6 6 6 13 8 10 1 15 9 9 5 5 1 9 13 13 8 8 8 8 8 8 8 8 8 8 8 2 2 2 2 2 2 2 2 2 2 2 2 2 2 2 7 7 7 7 7 7 7 7 7 7 7 7 7 7 4 4 4 4 4 7 7 7 7 7 7 7 7 2 2
12 10 10 10 6 6 6 6 6 6 6 12 12 12 12 12 6 12 12 12 12 12 12 12 12 10 11 11 10 6 6 6 2 13 10 1 15 3 8 15 14 3 13 13 8 8 8 8 8 8 8 8 2 2 2 2 2 2 2 2 2 2 2 2 2 2 2 2 2 2 7 7 7 7 7 7 7 7 7 7 7 7 7 7 4 4 4 4 4 4 4 4 7 7 7 7 7 7 2 8
12 10 10 10 6 6 6 6 6 6 6 6 12 12 12 12 12 12 12 12 12 12 12 12 12 10 11 11 10 6 6 12 4 12 6 15 15 15 13 3 15 13 13 8 8 8 8 8 2 2 2 2 2 2 2 2 2 2 2 2 2 2 7 7 7 7 2 2 2 7 7 7 7 7 7 7 7 7 7 7 7 7 4 4 4 4 4 4 4 4 4 4 4 7 7 7 7 7 7 8
12 10 10 10 6 6 6 6 6 6 6 6 12 12 12 12 12 12 12 12 12 12 12 12 12 6 11 11 10 6 6 12 4 6 6 15 3 3 1 3 13 8 8 8 2 2 8 2 2 2 2 2 2 2 2 2 2 2 2 2 2 2 7 7 7 7 7 7 7 7 7 7 7 7 7 7 7 7 7 7 7 7 4 4 4 4 4 4 4 4 4 4 4 7 7 7 7 7 7 2
12 6 10 10 10 6 6 6 6 6 6 6 6 12 12 12 12 6 12 12 12 12 12 12 12 6 11 10 10 6 6 12 4 6 6 15 9 15 3 9 13 8 8 2 2 2 2 2 2 2 2 2 2 2 2 2 2 2 2 2 2 7 7 7 7 7 7 7 7 7 7 7 7 7 7 7 7 7 7 7 7 4 4 4 4 4 4 4 4 4 4 4 4 7 7 7 7 7 7 7
12 6 10 10 6 10 6 6 6 6 6 6 6 12 12 12 12 12 12 12 12 12 12 12 12 6 10 10 10 6 6 2 7 6 6 15 9 15 13 13 8 2 2 2 2 2 2 2 2 2 2 2 2 2 2 2 2 7 7 7 7 7 7 7 7 7 7 7 7 7 7 7 7 7 7 7 7 7 7 7 7 4 4 4 4 4 4 4 4 4 4 4 4 7 7 7 7 7 7 7
12 12 10 10 10 6 6 6 6 6 6 6 6 12 12 12 12 12 6 12 12 12 12 12 12 12 6 10 10 6 6 2 4 6 6 1 1 3 13 8 8 2 2 2 2 2 2 2 2 2 2 7 7 7 7 7 7 7 7 7 7 7 7 7 7 7 7 7 7 7 7 7 7 7 7 7 7 7 7 7 4 4 4 4 4 4 4 4 4 4 4 4 4 7 7 7 7 7 7 7
