0 0 0 0 0 0 0 0 0 0 0 3 1 14 15 0 0 1 0 0 15 0 0 0 0 0 0 0 1 0 0 0 0 1 0 0 0 0 0 0 0 1 0 0 0 0 0 0 0 0 0 0 0 0 0 0 0 0 0 0 14 0 9 15 0 0 0 0 0 0 0 0 0 0 0 0 0 15 0 0 0 0 0 0 0 0 0 0 0 5 0 0 0 0 0 0 0 0 0 14
0 0 0 0 0 0 0 0 15 0 0 0 0 0 0 0 0 0 0 0 0 1 0 0 1 15 0 3 15 1 14 0 5 0 15 0 9 0 0 0 0 0 1 0 0 0 5 0 0 0 0 0 0 0 0 0 0 0 0 0 1 0 0 1 0 14 0 0 0 14 0 0 1 14 5 0 14 0 0 0 0 0 0 0 0 0 15 0 0 0 0 0 0 1 0 0 0 0 0 0
0 0 0 0 0 0 0 0 0 3 0 0 0 0 0 3 0 1 14 1 0 15 1 0 0 1 0 15 3 15 1 0 0 0 0 3 0 0 0 0 0 15 14 0 1 0 0 0 0 0 0 0 14 0 0 0 0 0 0 14 15 0 15 0 14 0 0 0 0 0 0 0 15 0 0 0 0 0 0 0 0 1 0 0 0 1 0 1 14 0 0 0 0 0 0 14 0 0 0 0
0 0 0 0 0 1 15 0 0 0 0 1 0 15 0 0 0 0 0 3 0 0 0 1 0 0 0 14 15 0 0 15 0 0 5 1 9 0 0 0 15 14 5 14 15 0 1 0 0 0 0 0 0 0 0 0 0 0 0 1 0 0 1 14 0 0 0 0 0 0 0 0 0 0 1 0 0 0 0 0 0 0 0 0 0 3 13 3 0 0 0 0 0 15 0 0 0 0 1 0
0 0 0 0 0 0 0 0 0 0 0 0 0 1 0 15 1 0 0 15 0 0 0 0 1 0 0 5 0 15 0 3 15 14 0 0 3 0 0 0 0 1 14 5 0 0 0 0 0 0 0 0 0 0 0 0 0 0 0 15 9 3 0 0 0 0 0 0 0 0 0 0 0 0 0 0 1 3 0 3 0 0 3 1 0 0 0 9 0 0 0 0 0 0 0 0 0 0 15 0
0 0 0 0 0 0 0 0 0 0 1 0 0 14 1 0 0 0 0 14 0 0 15 0 0 15 1 0 14 0 0 0 0 15 14 0 15 13 9 3 0 0 3 14 0 0 0 0 0 0 5 0 5 11 0 0 0 0 14 0 0 15 14 0 0 0 0 14 0 0 0 0 0 0 0 5 0 9 0 15 1 15 9 3 0 1 3 1 14 0 0 0 0 0 0 1 15 0 0 0
0 0 0 0 0 0 0 15 0 0 0 0 0 0 0 14 5 0 0 0 0 0 0 3 0 0 0 15 0 0 0 0 15 3 15 1 0 0 0 0 0 9 13 15 0 0 0 0 0 0 0 0 0 0 0 0 0 0 1 0 0 1 0 0 0 0 0 0 0 0 0 0 0 0 0 0 0 0 3 0 0 1 0 0 0 0 1 14 0 0 0 0 0 0 0 0 0 0 14 0
0 1 0 0 0 1 0 0 0 0 0 0 0 0 0 0 0 0 0 0 0 1 15 0 0 0 14 1 0 0 0 0 0 0 3 15 0 0 0 0 0 0 0 0 14 0 0 0 0 14 0 0 0 0 0 0 0 14 0 3 15 0 0 0 0 0 0 0 0 0 0 0 0 0 0 0 15 0 0 0 0 0 0 0 1 14 0 0 0 0 0 0 0 0 0 0 0 0 0 0
0 0 0 0 0 0 0 0 0 0 0 14 0 0 0 0 0 15 0 0 15 0 1 0 0 0 0 14 0 0 0 0 0 0 0 0 0 0 0 0 0 0 0 0 15 1 0 14 0 0 0 0 0 0 0 0 0 1 0 0 1 0 0 0 0 0 5 0 0 0 0 0 0 0 0 0 0 0 0 1 0 0 0 0 0 0 0 0 0 0 1 0 1 0 0 0 0 0 0 15
15 0 0 0 15 0 0 0 0 0 0 0 0 0 0 0 0 1 0 0 0 0 0 0 15 0 3 9 0 3 0 0 0 9 0 3 15 0 0 0 0 0 0 0 0 0 0 0 0 0 0 0 0 0 0 0 14 0 0 15 0 0 0 0 0 0 0 0 0 0 5 0 0 0 0 0 0 0 0 0 0 0 0 0 0 5 0 0 0 1 15 1 15 0 0 15 0 0 0 0
0 0 0 0 0 0 0 0 15 0 0 0 0 0 0 0 0 0 14 0 0 0 0 0 3 0 9 13 0 0 0 0 0 0 0 0 0 0 9 0 9 13 0 0 0 15 1 0 0 0 0 0 0 0 0 0 1 9 0 0 5 0 0 0 0 0 0 0 0 0 0 0 0 0 5 0 0 0 15 0 0 0 0 0 0 0 0 0 0 0 1 15 3 9 0 0 0 3 0 9
0 0 0 0 0 0 0 0 0 0 0 0 0 5 0 14 0 0 0 15 9 3 0 0 13 8 2 8 0 0 8 0 0 0 0 0 0 13 0 0 0 0 0 13 9 0 15 1 0 0 0 0 1 0 0 14 0 3 15 0 0 1 0 0 0 0 0 0 0 0 0 0 0 0 0 1 3 0 0 14 0 0 0 0 0 0 0 0 0 0 0 0 2 0 0 0 0 0 0 7
0 0 0 0 0 0 0 0 0 1 0 0 0 0 0 0 0 15 0 0 0 1 0 9 0 0 0 0 0 0 0 0 8 0 0 0 0 0 2 0 0 0 0 2 0 13 3 0 1 0 5 0 0 0 0 3 0 0 0 14 0 0 0 14 0 0 0 0 0 0 0 0 0 0 0 0 0 0 0 0 0 0 0 0 0 0 0 0 0 0 0 0 0 0 3 0 0 1 13 0
0 1 0 0 0 0 0 0 0 0 14 0 0 0 0 0 0 3 0 0 15 0 3 0 8 0 0 3 9 0 0 13 0 0 0 0 0 8 0 13 0 0 0 0 0 8 0 0 15 0 0 0 0 0 15 9 0 15 1 0 0 0 0 0 0 0 0 0 0 0 0 0 0 0 0 15 9 0 0 0 0 0 0 0 1 0 14 0 0 0 0 1 9 3 0 0 0 0 7 0
15 0 0 0 0 0 1 0 0 0 1 0 0 0 0 0 15 0 0 0 0 0 13 8 13 9 0 0 13 0 0 9 0 0 13 0 13 0 13 9 0 0 0 0 0 2 0 13 9 15 0 0 0 1 0 0 3 0 0 0 0 0 0 0 0 0 0 0 0 0 0 0 0 0 0 0 0 3 0 0 0 0 0 0 0 15 0 0 0 0 0 14 0 15 1 3 9 8 0 0
3 0 1 0 0 0 0 0 0 0 14 0 0 0 14 0 0 0 9 0 0 0 9 0 3 0 0 0 0 0 8 13 0 3 0 0 0 0 0 13 0 3 0 0 13 0 0 0 0 13 9 15 1 15 0 0 15 1 0 0 5 0 0 0 0 0 0 0 0 0 0 0 0 0 1 3 0 0 1 0 0 0 0 0 0 0 0 0 0 0 0 1 13 9 0 0 13 0 0 0
0 15 0 0 0 0 0 0 0 0 0 0 0 0 1 0 9 8 13 0 0 15 1 0 15 0 0 13 0 0 9 0 0 13 0 3 13 0 0 0 0 9 0 0 0 0 0 0 0 0 0 0 9 3 0 0 1 0 0 0 0 0 1 0 0 0 0 0 0 0 5 0 0 0 0 0 0 0 14 0 0 0 0 0 0 0 0 0 5 0 0 0 8 0 3 1 8 0 0 0
0 0 0 0 3 0 0 0 0 14 0 0 14 0 0 3 13 9 0 0 0 0 0 14 1 0 9 0 15 3 15 1 3 0 0 0 0 0 0 0 0 0 0 0 0 0 9 0 0 0 0 2 8 0 9 1 0 0 0 0 0 0 0 0 0 0 5 0 0 0 0 0 0 0 15 0 0 15 0 0 0 0 0 0 0 0 0 0 0 0 0 0 3 0 1 15 0 0 0 0
0 0 0 0 0 0 0 0 0 5 14 0 15 0 0 0 0 3 0 0 0 3 15 3 15 0 0 0 9 15 0 9 8 0 0 0 15 0 0 0 0 0 0 0 15 9 0 0 0 0 8 0 0 0 0 0 0 0 0 0 0 0 0 0 0 5 0 0 5 0 0 0 0 0 0 0 0 0 0 0 0 0 0 0 0 0 1 0 0 0 0 1 0 0 3 8 0 0 0 0
0 0 0 0 0 0 0 0 0 14 0 0 0 1 15 9 0 0 0 13 9 0 0 0 0 0 0 0 0 0 3 13 0 9 0 9 0 0 0 0 1 15 0 0 14 0 0 0 9 13 0 0 0 0 0 3 0 0 0 0 0 0 0 0 0 0 0 0 0 0 0 0 0 0 3 0 0 0 0 11 0 0 0 0 0 0 0 0 0 5 0 0 8 0 13 7 0 0 0 0
0 0 0 0 0 0 0 0 0 0 0 0 0 15 0 0 13 0 0 0 15 0 3 0 9 0 3 0 0 0 0 0 0 0 0 0 3 0 9 0 0 0 1 15 3 0 0 0 0 0 0 0 0 0 0 0 0 0 0 1 15 0 1 0 0 0 0 0 11 0 0 0 0 1 0 0 0 1 0 0 0 0 14 0 0 0 0 0 5 0 0 0 15 9 8 0 0 0 0 0
0 0 0 3 0 1 0 0 0 0 0 14 15 0 0 0 0 0 3 15 0 0 15 0 0 0 0 0 0 0 0 9 0 9 0 13 0 0 0 0 0 0 9 3 15 0 0 0 15 0 9 0 0 8 0 0 0 0 0 0 0 0 0 0 0 0 0 0 0 0 0 0 0 15 0 0 15 14 0 0 0 1 15 0 0 0 0 0 0 0 0 14 0 15 7 0 0 0 0 0
0 0 0 0 0 0 0 3 0 14 5 0 0 3 13 0 0 0 0 0 0 0 5 1 15 0 0 0 9 0 0 0 0 13 0 0 0 0 0 0 0 9 13 9 3 1 0 0 0 0 0 0 0 0 0 0 1 0 0 0 0 1 14 0 0 0 0 0 0 0 0 0 0 0 0 0 0 0 0 0 0 15 9 15 0 0 1 0 0 0 0 5 0 13 0 0 0 0 0 0
14 0 0 0 0 0 0 0 0 0 0 15 3 0 0 0 0 0 1 0 0 14 0 5 0 0 0 0 0 0 0 0 0 0 0 15 1 0 0 0 0 0 0 15 0 15 0 14 1 15 0 0 0 0 13 0 15 0 0 0 0 0 0 0 0 0 0 0 0 0 0 0 0 3 9 0 0 0 0 0 0 0 0 1 0 0 15 0 0 0 0 0 15 0 0 0 0 0 0 0
0 0 0 0 0 0 0 0 0 0 1 0 9 0 13 0 0 0 14 0 0 1 0 14 1 15 0 0 0 0 15 3 15 0 0 0 3 0 1 0 0 0 9 0 1 0 0 3 15 0 0 0 2 0 0 9 0 0 0 1 0 0 0 0 0 0 0 0 0 5 0 0 0 0 13 0 0 0 0 11 0 5 0 14 5 0 0 0 0 0 0 0 8 0 0 0 0 0 0 0
0 0 0 0 0 0 0 0 0 15 0 15 0 0 3 0 15 3 15 0 15 3 15 3 0 0 0 0 0 0 9 0 0 0 0 9 0 0 0 0 3 0 15 1 0 0 0 15 3 13 0 0 0 0 0 13 0 0 0 0 0 0 0 0 0 0 0 0 0 0 0 0 1 0 0 3 1 0 0 0 5 14 1 0 0 0 0 1 0 0 0 15 0 0 0 0 0 0 0 0
0 0 0 0 3 0 0 0 0 0 9 8 0 9 15 0 0 0 1 0 0 0 3 0 9 0 0 0 0 0 0 0 0 0 0 0 0 0 0 0 0 0 1 0 14 0 1 0 0 0 0 0 0 13 0 0 0 0 0 0 0 0 5 0 0 0 0 0 0 0 0 0 15 0 0 15 14 0 0 0 0 0 0 0 0 0 0 0 0 0 0 8 0 0 0 0 0 0 0 0
0 0 0 0 0 0 1 5 0 3 0 13 9 0 1 5 14 0 3 0 0 0 0 0 3 1 0 3 0 13 0 0 9 0 0 0 0 1 0 0 0 0 0 0 5 0 0 0 0 3 13 0 0 0 0 0 9 3 0 0 0 0 0 0 0 5 0 0 0 0 0 0 0 0 0 0 0 0 0 0 0 0 0 0 0 0 0 0 0 0 15 0 0 0 0 0 0 0 0 0
0 0 0 0 0 0 14 0 0 15 0 9 0 3 0 0 0 1 15 0 0 3 15 0 0 0 3 13 8 0 0 0 0 0 0 0 0 0 0 0 15 0 15 3 0 0 0 14 15 0 0 9 0 0 0 0 0 15 1 0 0 0 0 0 0 0 0 0 0 0 0 1 0 0 0 0 0 0 11 0 0 0 0 0 0 0 0 0 0 0 2 0 0 0 0 0 0 0 0 0
9 0 0 0 0 0 0 0 0 0 0 0 0 15 0 1 0 15 3 9 0 0 0 0 0 15 13 0 0 8 0 0 0 0 0 0 0 9 0 3 0 0 9 1 5 0 0 0 0 0 0 0 0 9 0 0 0 0 0 0 0 0 0 0 0 0 0 0 0 0 0 0 0 9 0 1 0 0 0 0 0 0 0 0 0 0 0 0 0 13 0 0 0 0 0 0 0 0 0 0
0 0 0 0 0 0 0 0 14 3 9 3 15 0 0 15 3 0 9 0 0 0 3 0 3 13 8 0 0 0 0 0 0 0 0 0 0 0 0 0 9 0 0 0 14 0 0 0 0 3 0 0 3 0 0 0 0 1 0 0 0 0 0 5 0 0 0 0 0 0 0 0 3 0 0 0 15 1 0 14 15 0 0 14 0 0 0 0 15 0 0 0 0 0 0 0 0 0 0 0
0 1 15 0 0 0 0 0 0 0 0 0 14 0 1 3 9 0 0 0 0 0 0 0 13 8 2 0 2 0 13 0 0 13 0 0 0 0 13 0 0 0 0 0 0 1 0 3 0 0 0 9 0 0 9 0 0 15 0 0 0 0 0 0 0 0 0 0 0 0 0 15 0 0 0 0 9 0 13 0 3 15 3 15 0 14 0 15 7 0 0 0 0 0 0 0 0 0 0 0
15 0 0 0 0 0 1 0 0 9 3 15 5 0 3 9 0 0 0 0 0 0 9 13 8 2 0 0 0 0 0 0 0 0 13 0 0 0 8 0 9 3 0 0 0 15 3 13 0 3 0 0 15 9 3 0 9 3 0 0 0 0 0 0 0 0 0 0 1 15 0 0 9 0 0 1 0 9 0 2 0 8 0 13 15 1 15 8 0 0 0 0 0 0 0 0 0 0 0 0
0 0 0 9 3 0 0 0 0 3 0 14 0 15 9 0 0 0 0 0 8 0 13 8 2 0 0 0 0 0 0 0 2 8 0 0 3 0 0 3 0 15 1 0 0 0 0 9 13 9 15 0 3 0 0 15 0 9 14 0 0 14 0 0 14 1 15 3 9 0 13 0 0 8 13 3 15 3 0 8 0 0 2 0 13 9 13 0 0 0 0 0 0 0 0 0 0 0 0 0
0 0 0 0 0 0 0 0 0 15 0 0 1 3 0 0 0 0 0 8 0 2 8 2 0 0 0 0 0 0 2 0 0 0 9 3 13 0 13 9 3 9 3 0 3 9 0 13 0 0 0 0 0 0 0 0 3 0 0 0 0 0 14 15 9 0 0 0 8 0 0 0 0 13 0 0 0 0 13 0 0 0 0 8 0 2 0 0 0 0 0 0 0 0 4 0 0 0 0 0
0 0 0 0 0 0 0 0 1 3 9 1 15 0 0 8 0 8 2 0 0 0 0 0 0 0 0 0 0 0 0 0 8 0 0 13 0 0 0 0 0 0 0 0 0 13 0 0 0 3 13 0 0 0 0 0 0 0 0 0 14 1 0 0 0 13 0 0 9 0 3 0 3 0 0 0 0 0 9 0 13 0 8 0 0 7 0 0 0 0 0 0 0 0 0 0 0 0 0 0
15 0 0 0 0 0 0 0 0 8 7 8 3 13 8 13 0 0 0 0 0 0 0 0 0 0 0 0 0 0 0 0 0 0 8 0 0 0 0 0 15 3 0 13 9 0 0 0 9 0 0 0 0 3 0 15 9 0 0 14 15 9 0 3 15 3 15 0 3 15 0 0 0 9 0 13 0 0 0 13 9 0 13 0 0 0 0 0 0 0 0 0 0 0 0 0 0 0 0 0
0 9 0 0 0 0 0 1 15 9 0 7 0 0 0 0 0 0 0 0 0 0 0 0 0 0 0 0 0 0 0 0 0 0 0 0 0 0 0 13 0 0 0 9 13 0 0 0 0 8 0 0 13 0 15 0 3 0 0 0 3 0 0 0 3 15 1 0 9 0 13 0 0 0 0 0 0 13 0 8 0 0 0 0 0 13 2 7 0 0 0 0 0 0 0 0 0 0 0 0
3 0 0 0 9 3 0 0 9 3 13 0 0 0 0 0 0 0 0 0 0 0 0 0 0 0 0 0 0 0 0 0 0 0 0 0 0 0 0 0 13 0 0 0 0 0 2 0 0 13 0 0 0 0 3 0 0 14 1 0 0 0 0 3 9 13 8 2 0 0 8 0 0 9 0 0 0 0 0 13 0 0 13 9 0 0 13 8 7 0 0 0 0 0 0 0 0 0 0 0
0 15 3 0 0 0 0 0 13 9 2 8 0 0 0 0 0 2 0 0 0 0 0 0 0 0 0 0 0 0 0 0 0 0 0 0 0 0 0 0 0 0 0 0 0 0 0 0 8 0 0 0 0 0 0 0 15 1 0 0 0 3 9 13 0 0 0 7 0 0 0 9 0 0 9 0 9 3 0 0 0 9 0 13 0 0 0 9 13 7 0 0 0 0 0 0 0 0 0 0
0 3 0 0 0 0 0 1 0 0 7 0 0 8 0 0 8 0 0 0 0 0 0 0 0 2 0 0 0 0 0 0 0 0 0 0 0 0 0 0 0 0 0 0 0 0 0 0 0 0 0 0 0 0 15 0 1 0 0 0 3 9 13 8 2 7 0 0 0 0 7 8 9 3 0 0 0 0 9 0 0 0 15 9 0 0 3 1 3 13 7 0 0 0 0 0 0 0 0 0
14 0 0 0 3 15 1 14 8 0 2 8 0 2 0 0 2 0 0 0 0 0 0 2 13 0 9 13 8 2 0 0 0 0 4 0 0 0 0 0 0 0 0 0 0 0 0 0 0 0 0 0 0 13 0 14 0 0 15 0 9 13 8 2 0 0 0 0 0 0 0 2 13 0 13 0 0 0 3 0 0 9 0 1 0 0 0 3 1 0 13 0 0 0 0 0 0 0 0 0
0 15 0 0 0 0 0 0 0 13 9 3 8 0 0 0 0 0 0 0 2 0 8 0 0 0 0 0 3 9 8 2 0 0 0 0 0 0 0 0 0 0 0 0 0 2 0 0 0 0 0 0 0 0 1 0 0 0 0 3 0 8 2 0 0 0 0 0 0 0 0 0 8 0 0 9 0 0 0 9 0 0 0 15 3 0 0 0 3 14 1 8 0 0 0 0 0 0 0 0
5 0 3 0 0 0 0 0 0 8 0 0 0 0 0 0 0 0 0 0 0 0 0 0 0 0 0 0 0 0 3 9 13 2 0 0 0 0 0 0 0 0 0 0 0 0 0 0 0 0 0 0 0 9 0 0 0 0 3 9 0 2 0 0 0 0 0 0 0 0 0 0 2 13 0 0 0 0 0 0 0 0 0 3 0 9 0 0 0 1 14 15 7 0 0 0 0 0 7 0
0 1 0 0 0 1 0 0 8 0 0 13 2 0 0 0 0 0 0 0 0 8 13 0 0 0 9 0 3 15 0 0 15 3 13 0 2 0 0 0 0 0 0 0 0 0 0 0 0 0 0 0 0 0 0 0 1 0 0 13 8 0 0 0 0 0 0 0 0 0 0 0 0 8 0 0 0 0 0 0 0 0 0 9 1 3 0 0 0 9 1 14 9 7 0 0 0 0 0 0
14 0 0 0 0 14 0 0 0 0 0 0 0 0 0 0 0 0 0 0 0 2 9 0 0 0 3 9 0 0 0 1 14 1 15 9 8 0 0 0 0 0 0 0 0 0 0 0 0 0 0 0 0 3 0 0 0 0 9 8 0 0 0 0 0 0 0 0 0 0 0 0 0 0 0 0 0 0 0 0 0 0 0 3 0 0 0 0 0 0 0 1 0 13 0 0 0 0 0 0
0 0 0 0 0 0 0 0 0 0 0 2 0 0 0 0 0 0 0 0 0 0 8 0 15 0 1 15 0 3 9 0 15 14 0 15 9 0 0 0 0 0 0 0 0 0 0 0 0 0 0 0 13 15 0 0 0 9 8 0 0 0 0 0 0 0 4 0 0 0 0 0 0 2 13 0 0 0 0 0 0 0 0 0 0 15 0 0 0 0 15 0 14 3 7 0 0 0 0 0
0 0 0 0 0 0 0 0 0 0 0 0 0 0 0 0 0 0 0 0 0 0 2 8 9 15 0 14 5 14 1 3 0 0 1 0 0 0 0 0 0 0 0 0 0 0 0 0 0 0 0 0 9 0 0 15 3 13 0 2 0 7 0 0 0 0 0 0 0 0 0 0 0 0 0 0 0 0 0 15 0 3 0 0 3 0 3 0 0 0 0 0 0 0 2 0 0 0 0 0
0 0 0 0 0 1 5 14 2 0 0 0 0 0 0 0 0 0 7 0 0 0 0 2 0 8 13 15 0 11 5 14 1 15 3 0 15 9 0 0 8 0 0 13 0 0 0 0 0 0 0 9 15 0 15 3 13 2 0 0 0 0 0 0 0 0 0 0 0 0 0 0 0 0 0 0 0 0 0 0 0 0 0 0 0 1 0 0 0 0 0 1 0 0 9 7 0 0 0 0
0 0 0 0 0 0 14 1 0 0 2 0 2 0 0 0 0 0 0 0 0 0 0 0 2 0 0 8 9 1 0 15 14 1 15 3 0 0 0 13 0 9 3 0 15 1 15 1 0 0 15 0 0 0 0 9 8 0 0 0 0 0 0 0 0 0 0 0 0 0 0 0 0 0 8 0 0 0 15 0 0 0 0 0 0 0 0 0 0 0 0 0 15 0 0 0 0 0 0 0
5 0 0 0 0 0 1 15 0 0 0 0 7 0 0 0 0 0 0 0 0 0 0 0 0 2 0 9 0 13 9 0 0 0 0 0 9 13 8 0 9 3 15 0 0 14 5 0 0 0 0 0 0 0 3 0 13 0 8 2 0 0 0 0 0 0 0 0 0 0 0 0 0 0 0 13 0 0 3 0 0 0 0 0 0 15 0 0 0 0 0 0 0 0 15 0 0 0 0 0
0 1 0 0 15 0 0 1 8 0 0 0 0 0 0 0 0 0 0 0 0 0 0 0 0 0 2 13 9 0 0 3 0 9 3 9 13 0 2 8 0 15 0 1 0 0 15 0 1 0 0 0 1 0 15 3 9 13 0 9 3 9 8 2 0 0 0 0 0 0 0 0 0 0 0 0 0 0 0 0 0 0 0 15 3 0 0 15 0 0 0 1 14 0 0 2 0 0 0 0
0 0 0 0 0 0 0 14 15 9 13 0 0 0 0 0 0 0 0 0 0 0 0 0 0 0 0 2 0 8 0 13 9 0 13 0 8 0 0 0 0 14 5 11 0 0 0 0 0 0 0 0 0 0 3 8 2 0 0 2 13 3 15 0 2 0 0 0 0 0 0 0 0 0 0 0 0 0 0 0 0 0 0 0 0 0 0 0 0 0 0 0 0 0 0 0 0 0 0 0
0 0 3 0 0 0 0 0 5 1 0 0 0 0 0 0 0 0 0 0 0 0 0 0 4 0 0 0 0 0 2 0 0 0 0 0 2 0 0 2 3 5 14 0 0 5 14 0 11 0 0 0 0 15 9 13 8 2 0 0 0 0 13 9 0 0 0 0 7 0 0 0 0 0 2 0 9 0 0 0 0 0 0 0 15 0 0 0 0 0 0 0 0 14 0 8 0 0 0 0
0 0 0 0 0 1 0 0 0 9 0 0 0 0 2 0 0 0 0 0 0 0 0 0 0 0 0 0 0 0 0 0 0 0 0 0 0 0 0 0 0 0 15 0 0 15 1 5 0 0 0 0 1 0 0 3 0 9 13 2 7 2 0 0 0 0 0 0 0 0 2 0 0 8 0 0 13 0 0 0 0 0 0 0 0 15 0 0 0 0 0 1 0 0 0 13 0 0 0 0
0 0 0 0 0 0 0 0 0 8 0 0 0 0 0 0 0 0 0 0 0 0 0 0 0 0 0 0 0 0 0 0 0 0 2 0 0 0 0 0 0 9 0 0 0 3 0 0 0 0 0 14 15 1 14 5 14 0 0 1 9 0 0 0 8 0 0 0 0 0 0 13 3 15 0 0 0 0 0 0 0 0 0 0 0 0 0 0 0 1 0 0 0 0 0 9 0 0 0 0
0 0 0 0 0 0 0 0 15 2 7 0 0 0 0 0 0 0 0 0 0 0 0 0 0 0 0 0 0 0 0 0 0 0 0 0 0 0 0 0 0 0 0 0 15 0 0 1 14 0 0 1 0 3 0 0 9 15 0 5 0 9 0 0 0 2 0 0 0 0 0 0 9 0 3 15 0 0 0 0 0 0 0 0 0 0 0 0 0 0 0 1 0 0 0 0 0 0 0 0
0 0 0 9 0 0 9 7 8 0 2 0 0 0 0 0 0 8 0 0 0 0 0 0 0 0 0 0 0 2 0 8 0 0 0 0 0 0 4 2 0 0 0 0 13 0 0 0 0 5 14 15 13 8 0 13 0 8 9 15 14 15 13 0 2 0 0 0 2 0 0 8 0 0 0 0 13 3 0 0 0 0 0 0 0 0 0 0 1 0 0 0 0 0 15 3 0 0 0 0
0 0 13 0 3 13 0 0 0 0 7 0 0 0 0 8 0 0 0 0 0 0 0 0 0 0 0 0 13 9 0 9 0 0 2 0 0 0 7 0 13 0 0 0 0 0 9 15 0 0 1 13 2 0 0 8 0 9 0 13 0 9 0 2 0 0 0 0 8 13 0 0 2 0 0 0 8 13 0 0 0 0 0 0 0 0 0 0 0 0 0 0 0 0 0 0 0 0 0 0
0 0 0 0 8 0 0 0 0 0 2 0 0 0 8 0 0 0 0 0 0 0 0 13 0 0 0 9 3 0 0 8 0 7 0 0 4 0 0 0 0 0 2 0 0 0 3 1 0 0 3 0 0 0 0 0 0 8 0 0 0 2 0 0 0 0 0 2 0 0 0 0 13 9 0 13 0 9 0 0 1 0 0 0 0 0 0 0 0 0 0 0 15 0 0 13 0 0 0 0
0 0 0 0 0 0 0 0 0 0 0 0 0 8 0 0 0 0 0 0 0 0 0 0 0 0 0 0 9 13 9 13 2 0 0 0 0 0 0 0 0 0 0 0 0 13 0 14 0 1 13 2 0 0 0 0 0 0 0 0 0 0 0 0 0 0 0 0 0 0 8 9 0 1 14 1 0 15 0 0 0 0 0 0 14 0 0 14 0 0 0 0 0 0 9 8 0 0 0 0
0 0 0 0 6 8 0 0 0 0 0 0 0 0 0 0 0 0 13 9 0 0 0 0 0 0 9 0 0 0 13 3 9 13 8 2 0 0 0 0 9 13 0 0 8 9 1 0 0 3 8 0 0 0 0 0 0 0 0 4 0 0 0 0 0 0 7 0 0 0 0 0 3 0 0 5 11 0 0 0 0 0 0 14 0 0 0 0 0 0 0 0 0 0 3 0 0 0 0 0
0 0 0 0 0 0 0 0 0 0 0 0 0 0 0 0 0 0 0 0 0 9 15 0 15 0 3 0 0 8 0 9 0 0 15 13 8 0 0 0 13 3 0 0 13 3 14 0 14 13 0 0 0 0 0 0 0 0 0 0 0 0 0 4 0 0 0 0 0 0 0 8 0 0 13 0 3 1 5 0 5 0 0 0 0 14 0 0 0 0 0 0 0 0 0 0 0 0 0 0
0 0 0 0 0 0 13 0 4 0 0 0 0 0 0 0 13 0 0 13 0 0 0 0 0 15 0 9 13 0 0 0 0 0 0 0 9 8 0 13 0 0 0 9 0 15 0 0 15 0 0 0 0 0 0 0 0 7 0 0 0 0 0 0 0 0 0 0 7 0 0 0 13 0 0 9 0 9 15 1 0 0 0 0 0 0 0 0 0 0 0 0 0 0 0 2 0 0 0 0
0 0 0 0 0 6 0 7 0 0 0 0 0 0 0 0 0 0 0 0 8 0 0 0 1 0 0 3 0 0 3 0 15 0 0 0 15 0 1 0 0 0 0 3 15 14 0 0 3 0 0 0 0 0 0 0 2 0 8 2 0 0 0 0 0 0 0 0 0 0 0 0 0 0 8 13 0 0 9 3 0 0 1 0 0 0 14 0 0 0 0 1 0 0 0 0 0 0 0 0
0 0 0 0 0 0 0 12 0 0 2 0 0 0 0 0 0 0 0 0 0 0 9 3 15 0 15 9 13 0 0 0 3 15 0 0 14 5 0 15 3 0 0 0 1 0 0 0 0 0 0 0 0 0 2 8 0 0 2 7 2 0 0 0 0 0 0 0 0 0 0 0 0 0 7 0 2 0 8 13 1 0 0 14 0 5 0 0 0 0 0 0 0 0 9 0 0 0 0 0
0 0 0 0 0 0 10 6 7 0 7 0 0 0 0 0 0 9 0 0 0 0 0 0 9 0 0 1 15 9 13 0 8 0 15 0 1 0 14 1 15 0 0 0 0 0 0 14 9 0 0 0 0 0 8 13 0 0 0 0 8 2 0 0 0 0 0 0 0 0 0 0 0 0 4 0 0 0 0 0 3 0 0 1 0 0 0 0 5 0 0 14 3 15 13 0 0 0 0 0
0 0 0 0 0 0 0 0 13 0 0 0 0 0 0 0 3 0 0 0 0 0 0 0 0 0 13 9 3 0 0 15 3 9 0 0 0 0 0 0 0 0 0 0 14 11 0 1 0 0 0 0 0 0 0 9 0 0 9 0 15 9 8 0 2 8 0 0 0 0 8 0 0 0 0 0 0 0 0 0 9 1 0 0 0 0 0 0 0 0 0 0 0 0 8 0 0 0 0 0
0 0 0 0 12 0 0 0 6 7 0 2 0 0 0 0 0 0 0 0 0 0 0 0 0 0 0 0 0 0 9 0 0 1 0 15 3 9 3 0 0 0 14 0 0 0 14 15 0 0 0 0 0 9 3 13 8 0 13 3 1 0 0 9 0 0 13 8 0 0 0 0 0 0 0 0 0 0 0 0 0 15 0 5 0 0 5 0 0 0 0 0 15 0 0 2 7 0 2 0
0 0 0 0 0 0 0 0 0 12 0 7 13 3 0 0 0 13 0 0 0 0 0 0 0 0 0 0 0 0 0 0 0 3 0 0 0 0 0 15 0 5 0 0 5 0 1 0 0 0 0 0 0 3 9 8 2 0 0 0 9 0 0 0 1 0 0 9 0 0 0 13 8 2 7 0 0 0 0 0 0 3 14 0 1 0 0 0 0 0 0 0 0 0 0 0 8 2 13 8
0 0 0 0 0 0 0 0 10 0 2 4 2 12 0 0 0 0 0 0 3 0 0 0 2 0 0 13 0 0 0 0 9 0 0 3 15 0 0 0 1 14 0 0 0 14 0 0 0 0 0 0 0 9 13 0 0 0 0 0 8 0 3 15 0 0 3 0 9 0 0 9 13 0 2 0 0 0 0 0 0 0 1 0 0 1 0 0 1 0 0 0 15 9 0 0 7 8 3 15
0 0 0 0 0 0 0 0 0 0 10 0 7 13 0 0 0 0 0 0 0 0 0 0 0 0 0 0 9 0 0 0 0 0 0 0 3 0 0 0 0 0 1 14 0 0 0 0 0 0 0 0 0 13 9 0 0 3 9 0 13 0 0 0 0 0 0 0 2 0 0 0 0 0 0 0 0 0 0 0 13 0 0 14 0 0 15 0 0 0 0 0 9 13 7 0 0 0 7 9
0 0 0 0 0 0 0 0 0 0 0 6 0 2 12 0 0 0 0 0 0 0 0 0 0 0 8 0 0 3 15 0 0 3 0 0 0 0 3 0 0 0 0 0 0 0 0 0 0 0 0 0 0 9 1 14 0 0 0 1 15 0 0 9 0 8 0 0 0 0 8 13 0 13 0 8 0 0 0 0 0 9 15 1 0 14 3 0 0 0 0 0 8 0 2 0 0 0 0 0
0 0 0 0 0 0 0 0 0 10 0 0 12 7 8 15 0 0 3 0 0 9 0 13 0 0 0 0 0 9 0 0 0 0 0 0 0 0 0 15 0 0 0 0 0 0 0 0 0 0 0 0 0 13 5 0 9 8 0 0 13 0 3 15 1 15 3 13 0 0 0 8 0 0 0 0 0 0 0 0 0 0 0 15 0 0 0 15 0 0 0 9 0 7 13 0 0 0 0 0
6 0 0 0 0 0 0 0 0 0 0 0 10 8 7 9 0 0 0 0 0 0 0 9 13 0 2 0 8 0 13 0 9 0 0 0 0 0 3 0 0 0 15 0 0 0 15 0 0 0 0 0 0 8 3 15 8 0 0 0 7 8 7 13 9 0 1 15 3 13 8 13 9 3 0 0 0 0 0 0 0 0 3 0 14 0 14 3 15 1 0 3 8 0 8 0 0 0 0 0
0 0 0 0 0 0 0 0 0 0 0 0 0 10 2 0 12 0 0 0 0 0 0 0 0 0 0 0 0 8 0 0 0 0 0 0 0 0 0 0 0 0 14 0 0 0 0 3 0 0 0 0 0 0 8 9 13 8 0 4 0 4 0 0 0 13 8 0 1 0 3 0 0 0 0 0 13 0 0 0 0 0 0 3 1 0 0 1 9 15 0 0 0 0 13 2 0 0 0 0
0 6 0 0 0 0 0 0 0 0 10 0 0 0 12 0 8 3 0 3 0 0 0 3 9 0 0 0 7 2 8 0 0 0 0 0 0 0 0 3 0 5 0 0 0 0 0 0 0 0 0 0 0 0 0 0 0 0 9 0 8 7 0 0 0 0 0 13 15 5 0 15 0 0 0 0 0 0 0 0 0 0 0 0 15 0 14 0 15 0 0 0 0 0 0 8 7 0 0 0
0 0 0 0 0 0 0 0 0 0 0 11 0 0 0 0 0 13 0 0 0 0 0 15 3 9 0 8 2 0 0 0 0 0 13 9 3 0 3 15 0 0 0 0 0 0 0 0 9 13 0 0 0 0 0 8 0 9 0 0 0 13 0 0 0 0 0 0 3 14 0 3 0 0 0 0 0 0 0 0 0 0 0 9 0 0 0 0 0 3 0 0 0 2 8 2 0 0 0 0
6 0 0 0 0 0 0 0 0 0 0 0 0 0 0 0 0 0 13 15 0 0 0 0 15 3 9 0 0 13 0 0 13 0 3 0 0 0 1 0 5 0 0 0 15 0 0 0 3 0 0 0 0 0 0 0 0 0 3 0 0 8 0 0 0 13 0 0 0 9 13 0 0 0 0 8 0 0 0 0 0 13 0 0 0 14 0 15 0 0 0 13 0 0 0 0 0 0 0 0
0 10 6 0 0 0 0 0 0 0 0 0 0 0 0 0 0 0 8 13 15 1 0 14 1 15 3 0 0 0 0 9 0 9 15 1 0 5 0 0 0 0 0 0 0 0 0 0 0 9 13 0 0 0 0 0 0 13 0 0 9 3 0 9 0 0 0 0 8 0 0 0 0 0 0 0 0 0 0 0 0 0 0 0 3 1 0 14 0 0 0 8 0 0 0 7 0 0 0 0
0 0 0 0 0 0 0 0 0 0 0 10 0 0 13 0 0 0 2 0 0 15 0 5 0 1 0 15 3 0 0 0 3 15 1 14 5 0 0 0 0 0 0 0 15 0 0 0 0 3 0 8 0 0 0 2 0 8 13 0 0 0 0 13 0 0 0 0 0 0 0 0 0 0 0 0 0 0 0 0 0 0 9 15 0 0 5 0 15 0 9 2 7 2 9 0 0 0 0 0
0 6 0 0 0 0 0 0 0 0 0 0 0 0 0 0 7 0 0 0 0 0 15 0 0 0 0 0 1 0 15 0 0 1 14 0 0 0 0 0 0 0 5 0 0 0 0 0 14 1 9 13 8 0 0 0 0 2 0 0 8 13 0 0 8 0 0 0 0 0 0 0 0 0 0 0 0 0 0 0 13 0 15 5 14 15 0 0 9 3 0 8 4 0 0 0 0 0 0 0
0 0 0 6 0 0 0 0 0 0 0 0 10 0 0 0 0 0 0 0 8 0 3 0 0 1 0 14 0 0 1 14 1 0 0 0 0 0 0 0 0 0 0 0 0 0 3 0 1 14 15 0 0 0 0 0 0 0 0 0 0 0 0 0 0 0 0 0 2 0 0 0 0 0 0 0 0 0 0 13 0 0 14 0 0 0 0 0 3 0 0 13 2 13 0 0 0 0 0 0
0 0 6 10 0 0 0 0 0 0 0 0 12 0 12 0 0 0 0 0 0 0 9 0 0 0 0 15 9 8 2 13 15 5 0 0 0 0 0 11 0 0 0 0 0 3 15 3 15 3 0 0 0 13 8 2 0 0 0 0 7 0 0 0 0 0 0 0 0 0 0 0 0 0 0 0 0 13 0 0 0 0 0 0 0 1 15 0 0 0 0 9 13 2 0 0 0 0 0 0
0 0 0 0 0 0 0 0 0 12 0 0 0 0 0 4 0 0 0 0 6 12 13 3 0 1 0 9 0 0 0 9 0 1 5 0 0 0 0 0 0 0 5 14 0 13 9 15 3 13 2 7 0 9 13 8 0 0 2 0 0 0 0 0 0 0 0 0 0 0 0 0 0 0 0 0 13 0 0 0 0 3 0 0 14 0 0 0 0 0 0 0 9 0 0 0 0 0 0 0
0 0 0 0 0 0 0 0 0 0 0 0 0 10 0 0 0 0 2 12 10 0 1 0 1 15 13 8 2 0 0 3 1 15 1 5 0 0 0 0 0 0 0 0 0 0 0 8 0 9 7 4 7 0 0 0 0 13 0 0 8 0 0 0 0 0 0 0 0 0 8 0 0 0 0 0 0 0 0 0 0 0 0 0 3 1 15 0 15 0 0 3 0 0 0 0 0 0 0 0
0 0 0 0 0 0 0 0 0 0 0 0 0 12 0 6 0 0 0 0 0 0 0 15 3 0 0 0 0 7 0 12 14 1 15 1 5 0 0 0 0 0 0 0 0 0 0 9 13 7 0 2 4 7 0 0 0 9 0 13 0 0 0 0 0 0 0 0 0 0 0 0 0 0 0 0 0 0 0 0 0 9 0 0 13 15 0 1 3 0 0 13 3 0 0 0 0 0 0 0
6 0 0 0 0 0 0 0 0 0 0 0 0 0 10 5 0 0 10 0 0 0 0 0 0 0 1 13 0 0 0 6 0 0 1 3 1 0 0 0 0 0 0 1 0 0 0 15 7 0 0 0 7 0 9 0 0 0 0 0 0 0 0 0 0 0 0 0 13 0 0 0 0 0 0 0 0 0 0 0 0 0 0 14 1 14 0 0 0 0 0 8 0 0 0 0 0 0 0 0
0 0 0 0 0 0 0 0 0 6 0 0 0 0 0 0 0 0 0 0 0 0 0 0 0 0 0 5 13 0 2 0 12 0 0 0 15 14 0 0 0 0 0 0 0 0 0 2 0 0 0 0 0 0 13 0 0 0 0 0 0 0 0 0 0 0 0 0 0 0 0 0 0 0 0 0 0 0 0 0 0 0 1 0 15 1 15 0 0 0 0 13 0 0 0 0 0 0 0 0
0 0 0 0 0 0 0 0 0 0 0 0 0 0 10 0 0 0 0 0 0 0 0 0 0 0 5 0 15 8 9 10 0 14 0 5 0 0 14 5 0 0 1 3 8 7 0 0 0 0 0 0 0 0 2 0 0 0 0 0 0 0 0 0 0 0 0 0 0 0 0 0 0 0 0 0 0 0 0 0 0 0 9 1 0 0 14 1 14 0 15 9 0 0 0 0 0 4 0 0
0 0 0 0 0 0 6 0 0 0 0 0 0 0 0 0 0 0 0 0 0 0 0 0 0 0 0 0 0 0 0 0 0 0 0 0 14 3 9 13 2 7 0 0 0 0 0 0 0 0 0 0 0 7 0 0 0 0 0 0 0 0 0 0 0 0 0 0 0 0 0 0 0 0 0 0 0 0 0 0 0 0 0 9 3 0 0 15 1 15 0 0 0 0 0 0 7 0 0 0
0 0 0 0 0 0 0 12 0 0 0 0 0 0 0 0 0 0 0 0 0 0 0 0 0 0 0 0 0 0 0 0 0 0 0 0 0 0 0 0 0 0 0 0 0 0 0 0 0 0 0 0 0 0 0 0 0 0 0 0 0 0 0 0 0 0 0 0 0 9 0 0 0 0 0 0 0 0 0 0 0 0 0 0 0 0 13 9 0 0 0 0 0 0 0 7 0 0 0 0
0 0 0 0 0 0 0 6 0 0 0 0 0 0 0 0 0 0 0 0 0 0 0 0 0 0 0 0 0 0 0 0 0 0 0 0 0 9 0 0 0 0 0 0 0 0 0 0 0 0 0 0 0 0 0 9 0 0 0 0 0 0 0 0 0 0 0 0 0 0 0 0 0 0 0 0 0 0 0 0 8 0 13 0 0 0 0 0 0 0 0 0 8 7 0 0 0 0 0 0
0 0 0 0 0 0 0 0 0 0 0 0 0 0 0 0 0 10 0 0 0 0 0 0 0 0 0 0 0 0 0 0 0 0 0 0 0 7 0 0 0 0 0 0 0 0 0 0 0 0 0 0 0 0 0 13 0 15 0 0 0 0 0 0 0 0 0 0 0 0 0 0 0 0 0 0 0 0 0 0 0 0 0 9 0 0 0 0 0 0 0 0 0 0 0 0 0 0 0 0
0 0 0 0 0 0 0 0 6 0 0 0 0 0 0 0 0 0 3 0 0 5 0 0 0 0 0 0 0 0 0 0 0 0 0 0 10 0 0 0 0 0 0 0 0 0 0 0 0 0 7 0 0 0 0 2 0 0 0 0 3 0 0 0 0 0 0 0 0 0 0 0 0 0 0 0 0 0 0 0 0 13 0 0 0 0 0 0 0 0 0 0 0 0 0 0 0 0 0 0
0 0 0 0 0 0 0 0 0 0 0 0 0 0 0 0 0 8 13 9 12 0 0 0 0 0 0 11 0 0 0 0 0 0 0 0 6 13 7 0 0 0 0 0 0 0 0 0 0 0 0 0 0 0 0 7 3 0 0 0 0 0 0 0 0 0 0 0 0 0 0 0 0 0 0 0 0 0 0 0 0 0 0 0 0 0 0 0 0 0 0 0 0 0 0 0 0 0 0 0
0 0 0 0 0 0 0 0 0 0 0 0 0 0 0 0 12 0 2 8 9 0 0 0 0 0 0 0 0 0 0 0 0 0 0 10 0 0 13 7 0 0 0 0 0 0 0 0 0 4 0 0 0 0 0 0 0 0 0 0 0 0 0 0 0 0 0 0 0 0 0 0 0 0 0 0 0 0 0 0 0 0 0 0 0 0 0 0 0 0 0 0 0 0 0 0 0 0 0 0
0 0 0 0 0 0 0 0 0 0 0 0 0 0 0 0 0 0 0 2 0 0 0 0 0 0 0 0 0 0 0 0 0 0 5 0 12 0 12 13 2 8 2 7 0 0 0 0 0 0 0 0 0 0 0 0 9 0 0 0 0 0 0 0 0 0 0 0 0 0 0 0 0 0 0 0 0 0 0 0 0 0 0 0 0 0 0 0 0 0 0 0 0 0 0 0 0 0 0 0
0 0 0 0 0 0 0 0 0 0 0 0 0 0 0 0 0 8 0 0 0 10 5 0 0 0 0 0 0 0 0 0 0 0 0 0 0 6 0 8 0 12 7 4 0 2 7 0 0 0 0 0 0 0 0 0 13 0 0 0 0 0 0 0 0 0 0 0 0 0 0 0 0 0 0 0 0 0 0 0 0 0 7 0 0 0 0 0 0 0 0 0 0 0 0 0 0 0 0 0
0 0 0 0 0 0 0 0 0 0 0 0 0 0 0 0 0 12 0 0 13 6 10 0 0 0 0 0 0 0 0 0 0 10 0 0 0 9 13 0 9 13 8 0 4 0 0 0 0 0 0 0 0 0 0 0 2 0 0 0 0 0 0 0 0 0 0 0 0 0 0 0 0 0 0 0 0 0 0 0 0 0 0 0 0 0 0 0 0 0 0 0 0 0 0 0 0 0 0 0
0 0 0 0 0 0 0 0 0 0 6 0 0 0 0 0 0 0 0 0 8 12 0 0 0 0 0 0 0 0 0 0 0 0 0 0 0 3 15 0 0 0 2 0 7 0 0 0 0 0 0 0 0 0 0 0 7 0 0 0 0 0 0 0 0 0 0 0 0 0 0 0 0 0 0 0 0 0 0 0 0 8 0 0 0 0 0 0 0 0 0 0 0 0 0 0 0 0 0 0
0 0 0 0 0 0 0 0 0 0 0 0 0 0 0 0 0 0 13 7 2 13 0 0 0 0 0 0 0 0 0 0 0 0 10 0 0 1 0 3 0 13 0 13 0 2 0 0 0 0 0 0 0 0 0 0 0 0 0 0 0 0 0 0 0 0 0 0 0 0 0 0 0 0 0 0 0 0 0 0 0 0 0 0 0 0 0 0 0 0 0 0 0 0 0 0 0 0 0 0
0 0 0 0 0 0 0 0 0 0 0 0 0 0 0 0 0 0 12 0 0 8 13 0 0 0 0 0 0 0 0 0 0 0 0 15 3 9 3 0 0 0 0 0 0 13 7 0 0 0 0 0 0 0 0 0 0 9 0 0 0 0 0 0 0 0 0 0 0 0 0 0 0 0 0 0 2 0 0 8 0 0 0 0 0 0 0 0 0 0 0 0 0 0 0 0 0 0 0 0
0 0 0 0 0 0 0 0 0 0 10 0 0 0 0 0 0 0 0 2 7 0 0 0 0 0 0 0 0 0 0 0 0 0 0 0 15 0 0 0 8 0 13 3 9 0 2 0 0 0 0 0 0 0 0 0 0 13 0 0 0 0 0 0 0 0 0 0 0 0 0 0 0 0 0 0 0 0 0 9 8 0 0 0 0 0 0 0 0 0 0 0 0 0 0 0 0 0 0 0
0 0 0 0 0 0 0 0 0 0 0 0 0 0 0 0 0 0 0 13 0 2 0 0 0 0 0 0 0 0 0 0 0 0 0 0 0 0 0 0 13 15 0 0 0 0 0 0 0 0 0 0 0 0 0 0 0 9 0 0 0 0 0 0 0 0 0 13 0 0 0 0 0 0 0 0 0 0 8 0 2 0 0 0 0 0 0 0 0 0 0 0 0 0 0 0 0 0 0 0
0 0 0 0 0 0 0 0 0 0 6 10 0 0 6 0 0 0 0 0 0 0 0 0 0 0 0 0 0 0 0 0 0 0 15 0 0 3 13 9 15 1 3 0 0 15 1 7 0 0 0 0 0 0 0 0 2 0 0 0 0 0 0 0 0 0 0 0 0 0 0 0 0 0 0 0 0 0 0 0 0 0 0 0 0 0 0 0 0 0 0 0 0 0 0 0 0 0 0 0
0 0 0 0 0 0 0 0 0 0 0 0 0 0 0 0 0 0 0 0 2 0 0 0 0 0 10 0 0 0 0 0 0 0 0 0 9 0 14 1 3 9 13 0 13 8 3 8 0 0 0 0 0 0 0 2 13 0 0 0 0 0 0 0 0 0 0 0 0 0 0 0 0 0 0 0 0 0 0 0 0 0 0 0 0 0 0 0 0 0 0 0 0 0 0 0 0 0 0 0
0 0 0 0 0 0 0 0 0 0 0 6 0 0 0 0 0 0 0 0 0 4 0 0 0 0 0 0 0 0 0 0 0 0 0 0 0 15 3 0 0 15 0 0 0 0 2 13 0 0 0 0 0 0 2 8 9 0 0 0 15 0 0 0 0 0 0 0 0 0 0 0 0 0 0 0 0 0 0 0 0 0 0 0 0 0 0 0 0 0 0 0 0 0 0 0 0 0 0 0
0 0 0 0 0 0 0 0 0 0 0 0 0 0 0 0 0 0 0 0 0 7 2 0 0 0 0 0 0 0 0 0 0 10 0 14 1 3 8 0 14 0 0 0 0 0 0 3 0 0 0 0 7 0 0 0 0 0 0 9 3 0 0 0 0 0 0 0 0 0 0 0 0 0 0 0 0 0 0 0 0 0 0 0 0 0 0 0 0 0 0 0 0 0 0 0 0 0 0 0
0 0 0 0 0 0 0 0 0 0 0 0 0 0 0 0 0 0 0 0 0 0 0 0 0 0 0 0 0 0 0 0 0 0 0 0 3 9 13 15 0 0 0 13 0 0 8 0 7 0 7 0 0 0 0 0 0 0 0 0 0 15 0 0 0 0 0 0 0 0 0 0 0 0 0 0 0 0 0 0 0 0 0 0 0 0 0 0 0 0 0 0 0 0 2 0 0 0 0 0
0 0 0 0 0 0 0 0 0 0 0 0 0 6 0 0 0 0 0 0 0 12 13 0 0 0 0 0 0 0 0 0 0 0 13 2 0 13 3 0 14 1 13 0 8 0 0 0 0 0 0 0 0 0 8 0 0 9 0 0 9 3 9 0 0 0 0 0 0 0 0 0 0 0 0 0 0 0 0 0 0 0 0 0 0 0 0 0 0 0 0 0 0 0 0 0 0 0 0 0
0 0 0 0 0 0 0 0 0 0 0 0 0 0 0 0 0 0 0 0 0 0 12 0 0 0 0 0 0 0 0 0 0 0 2 7 0 3 0 1 5 3 0 0 0 13 0 8 0 0 0 0 0 0 0 8 0 0 0 0 13 0 0 0 0 0 0 0 0 0 0 0 0 0 0 0 0 0 0 0 0 0 0 7 0 0 0 0 0 0 0 0 0 0 0 0 0 0 0 0
0 0 10 0 0 0 0 0 0 0 0 0 0 0 0 0 0 0 0 0 0 0 0 0 0 0 0 0 0 0 0 0 0 12 0 0 3 0 0 5 15 0 0 13 9 3 0 0 0 0 0 0 0 0 0 0 0 0 0 0 0 0 0 0 0 0 0 0 0 0 0 0 0 0 0 0 0 0 0 0 0 0 0 0 0 0 0 0 0 0 0 0 0 0 0 0 0 0 0 0
0 0 0 0 0 0 0 0 0 0 0 0 0 0 6 0 0 0 0 0 6 0 6 0 0 0 0 0 0 0 0 0 0 8 7 0 13 15 0 14 3 13 0 9 15 1 0 9 0 0 0 0 0 0 0 2 0 0 0 0 0 13 0 0 0 0 0 0 0 0 0 0 0 0 0 0 0 0 0 0 0 0 0 0 0 0 0 0 0 0 0 0 0 0 0 0 0 0 0 0
11 0 0 0 0 0 0 0 0 0 0 0 0 0 0 0 0 0 0 0 0 6 0 0 0 0 0 0 0 6 0 0 0 0 0 0 9 14 15 9 13 0 9 15 14 0 0 3 13 0 0 0 0 0 0 0 0 0 0 0 0 0 13 0 0 0 0 0 0 0 0 0 0 0 0 0 0 0 0 0 0 0 0 0 0 0 0 0 0 0 0 0 0 0 0 0 0 0 0 0
0 0 0 0 0 0 0 0 0 0 0 0 0 0 0 0 0 0 0 0 0 0 0 0 0 0 0 0 0 0 0 0 0 2 4 2 3 15 3 0 8 3 0 0 0 15 3 9 0 0 0 0 0 0 0 0 0 0 0 0 0 0 0 0 0 0 0 0 0 0 0 0 0 0 0 0 0 0 0 0 0 0 0 0 0 0 0 0 0 0 0 0 0 0 0 0 0 0 0 0
0 0 0 0 0 0 0 0 0 0 0 0 0 0 0 6 0 0 0 0 0 0 0 0 0 0 0 0 0 0 0 0 0 7 0 9 0 1 14 0 3 1 0 0 15 9 0 13 0 0 0 8 0 0 0 0 0 0 0 0 0 0 0 0 0 0 0 0 0 0 0 0 0 0 0 0 0 0 0 0 0 0 0 0 0 0 0 0 0 0 0 0 0 0 0 0 0 0 0 0
0 0 0 0 0 0 0 0 0 0 0 0 0 0 0 0 0 0 0 0 0 6 0 0 0 0 0 0 0 0 0 0 12 4 13 15 0 5 0 0 15 0 15 3 9 0 0 0 0 0 0 0 0 0 0 0 0 0 0 0 0 0 0 0 0 0 0 0 0 0 0 0 0 0 0 0 0 0 0 0 0 0 0 0 0 0 0 0 0 0 0 0 0 0 0 0 0 0 0 0
6 0 0 0 0 0 0 0 0 0 0 0 0 0 0 0 0 0 0 0 0 0 0 0 0 0 0 0 0 0 0 0 0 7 1 3 0 1 3 14 1 15 9 0 0 0 0 0 0 0 0 0 0 0 0 0 0 0 0 0 0 0 0 0 0 0 0 0 0 0 0 0 0 0 0 0 0 0 0 0 0 0 0 0 0 0 0 0 0 0 0 0 0 0 0 0 0 0 0 0
0 0 0 0 0 0 0 0 0 0 0 0 0 0 0 0 0 0 0 0 0 0 0 0 0 0 0 0 0 0 0 0 13 8 10 0 15 0 9 5 0 1 0 13 0 0 0 0 0 0 0 0 0 0 0 0 0 0 0 0 0 0 0 0 0 0 0 0 0 0 0 0 0 0 0 0 0 0 0 0 0 0 0 0 0 0 0 0 0 0 0 0 0 0 0 0 0 0 0 0
0 0 0 0 0 0 0 6 0 0 0 0 0 0 0 0 6 0 12 0 0 0 0 0 0 0 0 0 0 0 0 0 2 13 0 1 0 3 8 15 14 3 0 0 0 0 0 0 0 0 0 0 0 0 0 0 0 0 0 0 0 0 0 0 0 0 0 0 0 0 0 0 0 0 0 0 0 0 0 0 0 0 0 0 0 0 0 0 0 0 0 0 0 0 0 0 0 0 0 8
0 0 0 0 0 0 0 0 0 0 0 0 0 0 0 0 0 0 0 0 0 0 0 0 0 0 11 0 0 0 0 0 0 12 6 0 0 0 13 3 15 0 0 0 0 0 0 0 0 0 0 0 0 0 0 0 0 0 0 0 0 0 0 0 0 0 0 0 0 0 0 0 0 0 0 0 0 0 0 0 0 0 0 0 0 0 0 0 0 0 0 0 0 0 0 0 0 0 0 0
12 0 0 0 0 0 0 0 0 0 0 0 0 0 0 0 0 0 0 0 0 0 0 0 0 6 0 0 0 0 0 12 4 0 0 0 3 0 1 0 13 0 0 0 0 0 0 0 0 0 0 0 0 0 0 0 0 0 0 0 0 0 0 0 0 0 0 0 0 0 0 0 0 0 0 0 0 0 0 0 0 0 0 0 0 0 0 4 0 0 0 0 0 0 0 0 0 0 0 2
0 6 0 0 0 0 0 0 0 0 0 0 0 0 0 0 0 6 0 0 0 0 0 0 0 0 0 0 0 0 0 0 0 0 0 0 9 15 3 9 0 0 0 0 0 0 0 0 0 0 0 0 0 0 0 0 0 0 0 0 0 0 0 0 0 0 0 0 0 0 0 0 0 0 0 0 0 0 0 0 0 0 0 0 0 0 0 0 0 0 0 0 0 0 0 0 0 0 0 0
0 0 0 0 6 10 0 0 0 0 0 0 0 0 0 0 0 0 0 0 0 0 0 0 0 0 0 0 0 0 0 2 7 0 0 0 0 0 13 0 8 0 0 0 0 0 0 0 0 0 0 0 0 0 0 0 0 0 0 0 0 0 0 0 0 0 0 0 0 0 0 0 0 0 0 0 0 0 0 0 0 0 0 0 0 0 0 0 0 0 0 0 0 0 0 0 0 0 0 0
0 0 0 0 0 0 0 0 0 0 0 0 0 0 0 0 0 0 6 0 0 0 0 0 0 0 6 0 0 0 0 0 4 0 0 1 0 3 0 0 0 0 0 0 0 0 0 0 0 0 0 0 0 0 0 0 0 0 0 0 0 0 0 0 0 0 0 0 0 0 0 0 0 0 0 0 0 0 0 0 0 0 0 0 0 0 0 0 0 0 0 0 0 0 0 0 0 0 0 0
